1.0,4.305535582937198,5.184224736436871,1.0
1.0,2.9140982115480454,6.771425273983681,1.0
1.0,1.419577571083601,5.281790243014597,1.0
1.0,4.5844372214039195,6.3800762245688185,1.0
1.0,4.388840287650771,7.346370923543151,1.0
1.0,2.73722826889224,6.841930126649251,1.0
1.0,2.1583605330677536,6.114109575291478,1.0
1.0,4.752983578866679,7.143461825163486,1.0
1.0,3.047290252304445,6.768117515489791,1.0
1.0,2.588004345927975,6.497052048770186,1.0
1.0,4.0151720590767335,4.652330392812242,1.0
1.0,4.255452658348002,7.183028719234877,1.0
1.0,1.7801251926706856,4.425048961862285,1.0
1.0,3.2181438876219985,6.043764690709787,1.0
1.0,2.509736947103316,5.475405041392719,1.0
1.0,2.3354049806085353,7.171297668637657,1.0
1.0,3.9618113957021572,6.875175124108108,1.0
1.0,2.213409146635683,6.014369824302698,1.0
1.0,2.483039340018319,6.581958965693008,1.0
1.0,2.4208266484377137,6.4233662695507405,1.0
1.0,3.5357747094514997,6.381288334426287,1.0
1.0,0.6058994992708095,6.425754438329618,1.0
1.0,1.7341149169667225,4.397820597552253,1.0
1.0,3.443084080802115,5.857758307652816,1.0
1.0,0.952468808195587,4.841676963395004,1.0
1.0,2.5485625797100453,6.48721679404643,1.0
1.0,2.6192578617111115,6.89975605309812,1.0
1.0,3.1100712004960642,6.168467791235065,1.0
1.0,2.0142724429037226,5.016229772209949,1.0
1.0,1.2891389274672047,5.946154601463972,1.0
1.0,2.7920563927498647,6.29939112076418,1.0
1.0,3.091873444829048,6.2117734761254395,1.0
1.0,3.208899818844441,6.240316869631532,1.0
1.0,2.8045991566375856,7.697987208020489,1.0
1.0,4.255176657634683,5.728875843148235,1.0
1.0,2.4390423443365616,6.287556949262742,1.0
1.0,3.4793800287652585,5.176426878194704,1.0
1.0,3.229437609414526,5.140517005630945,1.0
1.0,2.428721291109696,5.0487021219943555,1.0
1.0,4.322319475318935,5.811263485429465,1.0
1.0,1.7867107367420216,5.507469095965909,1.0
1.0,3.304003670867857,5.24856151141081,1.0
1.0,1.52983224412016,6.484312573039275,1.0
1.0,1.9618948615027292,5.349752057302796,1.0
1.0,5.575301890720908,5.676813004891504,1.0
1.0,1.2971597920495685,7.711821354935362,1.0
1.0,2.5762366493553697,6.442716103573731,1.0
1.0,1.9297357146913625,6.597972010188962,1.0
1.0,3.768043365657241,6.4541170123626594,1.0
1.0,3.074113303423128,6.7640403621109,1.0
1.0,3.3615790240369754,5.29437125670729,1.0
1.0,3.902362477928097,6.223379795037543,1.0
1.0,3.8015534535401705,5.375498715335422,1.0
1.0,1.0552646765494367,6.447855803096038,1.0
1.0,2.4717591484659636,6.837782692425998,1.0
1.0,3.2724409128252616,6.3946010915103235,1.0
1.0,3.8749365190555753,6.374323231825911,1.0
1.0,3.02446323099395,4.536174259366868,1.0
1.0,2.9261909970552793,5.201751015108991,1.0
1.0,2.422612420646021,6.1391641169691615,1.0
1.0,2.7433418608310984,5.993458821287008,1.0
1.0,2.7648667962510904,6.531073715645481,1.0
1.0,0.7942042529901183,4.771713893213066,1.0
1.0,2.4900231086277778,6.648695542160881,1.0
1.0,4.068978641842756,6.0745477481436,1.0
1.0,3.013044168693411,5.430144746564608,1.0
1.0,3.440684860357378,5.909868736074804,1.0
1.0,4.356814396491443,4.2495821688977955,1.0
1.0,2.7914584981596193,5.857308718846508,1.0
1.0,2.381853134790103,8.565407220684515,1.0
1.0,1.7575829987733418,5.887658053490865,1.0
1.0,3.611528228220246,7.066411462196541,1.0
1.0,3.828998319126245,3.8120059993899464,1.0
1.0,2.885055498145484,3.9842850129892082,1.0
1.0,2.069991137439024,5.362293540533285,1.0
1.0,2.289881736128126,7.275563864276915,1.0
1.0,1.7129042542449755,7.189364991959119,1.0
1.0,2.2653946488237344,3.882726373575902,1.0
1.0,1.125085603772753,6.569862048449465,1.0
1.0,4.774805998107675,5.558589384304739,1.0
1.0,4.249619347037543,6.280332238663988,1.0
1.0,3.203595387224272,6.901227547561991,1.0
1.0,2.5924328832594594,7.032633396528505,1.0
1.0,3.450805070294793,5.561488633011216,1.0
1.0,2.374070555911342,6.698268996385098,1.0
1.0,2.7893612766449154,7.025459170726921,1.0
1.0,1.9497132040550933,6.185757735602008,1.0
1.0,2.941645569288266,5.276262664881726,1.0
1.0,1.5600467696415161,6.588778325259531,1.0
1.0,3.7257807721174876,6.118368546055139,1.0
1.0,3.4048946646583698,7.295577742145245,1.0
1.0,1.765499750901189,5.746971640131687,1.0
1.0,1.668641570509803,6.677650099000932,1.0
1.0,2.4601555791969605,6.59309931948619,1.0
1.0,2.707273017794978,6.836863184055106,1.0
1.0,0.7530139385397354,4.5607628829704305,1.0
1.0,2.782285033765347,4.496291572556611,1.0
1.0,2.8874039104277265,5.734215833276753,1.0
1.0,3.0717269746817544,5.993025060512616,1.0
1.0,0.9463822861536979,6.47872805226793,1.0
1.0,1.6241597468216815,6.0940357619706464,1.0
1.0,3.1390957909868424,7.048905814944957,1.0
1.0,3.110803104706183,5.580807096966986,1.0
1.0,3.511333212443146,5.627399598311864,1.0
1.0,4.25213907191651,7.465019009111042,1.0
1.0,2.648282663787118,7.747998572062769,1.0
1.0,3.1524284437883425,7.107750117729995,1.0
1.0,4.005235810092884,5.41291263393331,1.0
1.0,1.6130630696829726,7.025688930297765,1.0
1.0,2.871859508263853,7.394652584177162,1.0
1.0,5.100975387286594,6.512198393488217,1.0
1.0,3.1684919785447514,6.87605332301416,1.0
1.0,3.3302407516052646,7.289100463855928,1.0
1.0,3.097041115384924,6.123716060557041,1.0
1.0,1.281026378204486,6.242608482572284,1.0
1.0,4.057883914827226,4.811358742649937,1.0
1.0,1.6951621850945529,5.349741200228934,1.0
1.0,2.255242231396876,7.339025154535545,1.0
1.0,3.0656102883269956,5.061629630289525,1.0
1.0,4.506341783193155,7.080297260212736,1.0
1.0,3.3076147973332217,6.4968594556283685,1.0
1.0,2.603709871947299,6.559285572491113,1.0
1.0,2.5080088198422557,8.746544581354616,1.0
1.0,3.809254838769677,5.338237166257494,1.0
1.0,1.2693292354918535,5.9779594332215344,1.0
1.0,2.0552976959006175,8.529519724849111,1.0
1.0,0.7239383919922711,7.944678586715844,1.0
1.0,3.5989992336896703,4.816484918372672,1.0
1.0,3.871848731703651,6.892901959499548,1.0
1.0,2.0284971861719567,4.598292284140642,1.0
1.0,4.258295761995333,5.026107107865564,1.0
1.0,3.2698843661907833,5.263316989043275,1.0
1.0,1.8408222126160343,5.223680411116556,1.0
1.0,2.4053030143047494,5.89543061735785,1.0
1.0,3.190935942080536,6.132659827112908,1.0
1.0,2.732332079030543,4.890759385440687,1.0
1.0,5.064898383847844,6.250165492896709,1.0
1.0,0.7970980191054386,5.919542196574849,1.0
1.0,3.685464130083754,4.576592648535117,1.0
1.0,3.029294062210466,6.499676129208714,1.0
1.0,2.267671018596292,6.084479803816987,1.0
1.0,2.882737813772762,6.248154507088361,1.0
1.0,4.671449001132103,7.0308851879679635,1.0
1.0,3.4059867797317427,5.177616320586588,1.0
1.0,3.898942667067116,4.566174343492106,1.0
1.0,2.3119315494362356,4.048614557314615,1.0
1.0,3.438452018083902,6.872776194939182,1.0
1.0,2.329107310041146,5.493876781591039,1.0
1.0,2.782190434128009,5.507942697464563,1.0
1.0,1.938800368024341,5.992910715705459,1.0
1.0,2.1914132829895134,7.481468136825305,1.0
1.0,4.037229592949398,4.872471429088943,1.0
1.0,2.6809407890528645,5.042994246292774,1.0
1.0,3.0298765769895937,4.286134500504013,1.0
1.0,4.414917854913851,6.537628278750344,1.0
1.0,3.342237978892271,6.653860458479623,1.0
1.0,1.9232908444216552,5.868314035643651,1.0
1.0,1.8853808596433799,4.627369996535126,1.0
1.0,2.3610896782031974,7.036970275686555,1.0
1.0,1.914575839235992,6.526651402259252,1.0
1.0,3.3766390875123906,5.381091392868973,1.0
1.0,3.4808202590758417,5.998324826232976,1.0
1.0,0.9331641675048825,6.74810473669944,1.0
1.0,3.7669892928268105,5.995165600227924,1.0
1.0,3.440951560492526,6.158242248809107,1.0
1.0,2.134992138735754,8.016604127939077,1.0
1.0,3.962474186968361,7.563214999424985,1.0
1.0,2.8768517099670885,4.600882972853913,1.0
1.0,0.31558310909812626,6.558665550314501,1.0
1.0,3.0111485781220546,6.797368273630479,1.0
1.0,5.4157511504375275,4.276536595687338,1.0
1.0,4.3957822213037865,7.8768395954189785,1.0
1.0,3.1633477958124803,3.977091006303049,1.0
1.0,2.3473535863968626,6.871392986711372,1.0
1.0,3.5185037836048094,4.554554072183447,1.0
1.0,3.776451759115602,5.504208773321971,1.0
1.0,1.5937140560808458,6.265172636786746,1.0
1.0,5.193971534854434,5.796255950022128,1.0
1.0,1.2451028283406633,7.347548577450722,1.0
1.0,2.883652628827915,5.755157227767862,1.0
1.0,4.382070158623493,6.78614476314133,1.0
1.0,2.689452422900312,5.390252192732102,1.0
1.0,3.524273070428352,6.421855186644845,1.0
1.0,1.9974395432295458,5.659933457557003,1.0
1.0,4.741819740934443,6.275031868787805,1.0
1.0,2.432394247667361,5.945086658845926,1.0
1.0,3.0900577816132935,4.589408219615478,1.0
1.0,1.7049480184243704,6.242704934680177,1.0
1.0,3.459326855637909,6.560380810141375,1.0
1.0,2.454583182200941,4.518294032817916,1.0
1.0,2.6138723729479,6.037672357705868,1.0
1.0,4.471650195105788,4.13002499505118,1.0
1.0,5.0682970095262405,5.805430034212177,1.0
1.0,1.011321993589962,4.772111064683337,1.0
1.0,4.2992472408325995,7.250179833570712,1.0
1.0,3.843794103554936,3.6129216778003777,1.0
1.0,2.9977542161907835,6.94845089336339,1.0
1.0,2.140793185986577,7.413391236874159,1.0
1.0,3.9128024059687223,5.565287078253274,1.0
1.0,3.7081510790687062,4.025159935438145,1.0
1.0,2.6901194942444273,6.92585336994879,1.0
1.0,2.4874072368215963,5.653114419212909,1.0
1.0,2.846121672048282,6.14209611515788,1.0
1.0,3.0275926037237793,4.910527221555664,1.0
1.0,2.4634016940671724,5.966379172867215,1.0
1.0,2.721882604103193,4.023879414676872,1.0
1.0,2.651246920389034,7.553774512420743,1.0
1.0,1.8270337497623572,4.355531020975549,1.0
1.0,2.6313608779766517,4.17307095171293,1.0
1.0,4.457841571241655,8.48368374917991,1.0
1.0,2.646283001904071,4.456286122890253,1.0
1.0,2.7813369148780507,4.527509846286887,1.0
1.0,3.572554227834721,5.075244583819266,1.0
1.0,2.331477780101469,7.2081353969820805,1.0
1.0,4.124968620182197,6.918678069821384,1.0
1.0,2.624925773523004,4.890897769476091,1.0
1.0,3.54810498185324,5.785992153781663,1.0
1.0,3.0766988766470478,5.050876304023312,1.0
1.0,3.3719004250278486,6.412614095666307,1.0
1.0,3.5872517403431656,7.347061976074995,1.0
1.0,1.2930570492575488,7.59731908007867,1.0
1.0,1.831971304899028,4.300779386979101,1.0
1.0,3.3885104757546745,3.970879651712726,1.0
1.0,1.7021533150406596,4.5667298229230555,1.0
1.0,3.148215657699965,6.826420357334283,1.0
1.0,4.198133660619989,5.563935247425948,1.0
1.0,3.928050154050236,6.4304351416617545,1.0
1.0,3.1770778323169213,7.050183901755986,1.0
1.0,1.9040691167409483,6.41460772327464,1.0
1.0,1.7985112228942859,5.223405607598326,1.0
1.0,2.803299489324047,3.248863394322618,1.0
1.0,5.36651486479297,5.261174688898528,1.0
1.0,4.025115318883105,5.101439697263628,1.0
1.0,0.6065590748469383,5.462811957920241,1.0
1.0,4.3398591840821386,6.215011746317035,1.0
1.0,3.0315510907352303,7.15249087853646,1.0
1.0,4.428327579938376,5.912384980821155,1.0
1.0,2.0944367948266924,6.056826599288279,1.0
1.0,1.5225435711918296,5.143201516016916,1.0
1.0,3.5823997252598145,6.3573173477078395,1.0
1.0,3.194507074608512,4.2316017055304975,1.0
1.0,2.9061983896638512,5.3357021712875925,1.0
1.0,3.7279085327124863,7.777866128346085,1.0
1.0,1.5345030170232505,4.3186534688311,1.0
1.0,3.983613932426029,7.081820401352877,1.0
1.0,5.7894149118973495,6.258481316043928,1.0
1.0,4.326854748755132,6.069730160828273,1.0
1.0,3.842848659841214,5.766698511495173,1.0
1.0,3.3984162747251725,6.0925599448820655,1.0
1.0,4.275530562760523,6.823994403322971,1.0
1.0,1.6840740906480678,6.909125547813321,1.0
1.0,3.170452261528439,5.268620470951011,1.0
1.0,3.230599829814886,6.763173314934034,1.0
1.0,1.644092316246989,6.013632292774267,1.0
1.0,4.15241131147542,5.409210882403428,1.0
1.0,1.7561012404134313,5.213904791698749,1.0
1.0,3.4004600749226457,5.963232738054105,1.0
1.0,1.3428676304807416,6.803646459158621,1.0
1.0,4.841221011355765,8.655202040665154,1.0
1.0,4.423513759356577,7.440984291805114,1.0
1.0,2.862702680368367,6.883869753210676,1.0
1.0,2.97816944591176,7.073633724239675,1.0
1.0,4.526251030861934,7.126171421911922,1.0
1.0,3.357287281626882,6.076618716890351,1.0
1.0,3.860668219654099,5.277461466544036,1.0
1.0,3.8379539008844086,4.972636263360727,1.0
1.0,3.7239977790648116,6.734069723853693,1.0
1.0,2.080903148228288,5.004765424135404,1.0
1.0,2.209524071045008,6.794717381723342,1.0
1.0,2.743003782100525,4.655918756280927,1.0
1.0,0.988547765150869,8.395173342297788,1.0
1.0,3.5490961350488295,5.927198851003128,1.0
1.0,3.6955920438870917,5.972393802101286,1.0
1.0,4.912097138755425,5.731234484212382,1.0
1.0,3.0184005362898083,6.318014369796593,1.0
1.0,2.7424203044819575,6.269810908528495,1.0
1.0,3.0212091239864263,7.081987995105081,1.0
1.0,3.1220806362961326,5.125214739517689,1.0
1.0,1.9070412016206846,6.621198129854022,1.0
1.0,2.6431467644503712,6.809568537521358,1.0
1.0,1.3703112513589437,5.101092709184174,1.0
1.0,2.329666398787417,5.385531699719843,1.0
1.0,1.4049407475006992,7.479715931240117,1.0
1.0,4.833107846018875,6.54147052404341,1.0
1.0,3.3064469988986955,6.208726048369813,1.0
1.0,2.5875268594978373,4.074657904615168,1.0
1.0,2.6659513129326236,7.0232010166674,1.0
1.0,4.788558595719954,5.8386460147038575,1.0
1.0,3.43613585240158,7.139776432853326,1.0
1.0,4.087183198855052,6.100514895838716,1.0
1.0,3.283389309787088,6.902684595800474,1.0
1.0,2.989601619348916,3.9340685827904744,1.0
1.0,2.956415197957586,8.294687989311356,1.0
1.0,3.45164632459784,5.435532285922666,1.0
1.0,3.1019679928838557,7.297751566735247,1.0
1.0,2.4084496662605734,7.313800350018229,1.0
1.0,4.239871666166039,6.050662365554698,1.0
1.0,1.623630565063058,5.100995869437134,1.0
1.0,3.15232612602032,6.302386214166905,1.0
1.0,2.604965652942833,4.83383268678352,1.0
1.0,3.0786233426896477,6.457293206436226,1.0
1.0,3.6960227209059613,4.87319773685569,1.0
1.0,2.262825219842118,4.712299502671598,1.0
1.0,3.929985215417859,5.867941552853864,1.0
1.0,3.034365079846701,5.2843200665490375,1.0
1.0,3.802169464673624,4.647680316924564,1.0
1.0,2.364339564561698,6.1608719772399585,1.0
1.0,2.3416329714139748,7.3551544372224305,1.0
1.0,3.1733130851380213,6.147067219583384,1.0
1.0,3.770243942931821,5.660669208946735,1.0
1.0,5.556750633501748,7.011125939778183,1.0
1.0,2.5747569363966964,6.484434546426749,1.0
1.0,2.2720885219152263,5.465208755429687,1.0
1.0,2.620149494476529,6.430775778111956,1.0
1.0,2.2563809836286373,5.171648058115662,1.0
1.0,3.6095130409021507,6.175430630985439,1.0
1.0,2.1548692107421665,5.178876055444905,1.0
1.0,4.1063861320549275,6.622774481171947,1.0
1.0,5.186161107356145,4.772015235816426,1.0
1.0,4.417630842079226,6.555382721161541,1.0
1.0,4.0548995632690055,5.244482074103317,1.0
1.0,3.6695719557242152,5.105794736990926,1.0
1.0,1.8853942275334628,5.898555465668213,1.0
1.0,1.4286404329480755,6.165772129261386,1.0
1.0,3.492804538049231,7.083884533844565,1.0
1.0,3.9812637914106657,4.832268977705144,1.0
1.0,2.909816534591103,5.827717114190123,1.0
1.0,1.7675801323495846,7.401381358146056,1.0
1.0,2.977752905806621,5.714930324960805,1.0
1.0,2.722447891611945,7.413342377609881,1.0
1.0,2.8215700981848437,4.504659809025206,1.0
1.0,3.5046114126087713,4.024108236782139,1.0
1.0,2.7328273344735114,8.384630579235722,1.0
1.0,4.702531955359875,7.389241035471038,1.0
1.0,1.4201443652213288,6.103509480625645,1.0
1.0,1.7458039114127326,7.022565399581069,1.0
1.0,1.716916217616075,5.927021865245263,1.0
1.0,1.543964678657796,8.154851403018073,1.0
1.0,1.8040459839130905,6.300419481508002,1.0
1.0,3.607540583510083,6.333600057572925,1.0
1.0,2.625509136905199,6.231116936109073,1.0
1.0,4.174837933673297,5.592000244796154,1.0
1.0,2.4821198426470614,5.743149771452515,1.0
1.0,2.578259480650209,6.075547437197674,1.0
1.0,3.4542350098754833,6.965316672157961,1.0
1.0,2.443456396914796,6.508763250530501,1.0
1.0,3.297010411300218,5.790563827030176,1.0
1.0,1.9427346039437834,6.250895083611817,1.0
1.0,2.871165967597066,5.610976804015083,1.0
1.0,2.157146493455131,7.4194588533727215,1.0
1.0,2.5936225659353354,7.242838913396607,1.0
1.0,2.6875958505989694,6.255045935903553,1.0
1.0,5.076066698125386,5.195567878252962,1.0
1.0,3.0633581793384868,4.175606252959333,1.0
1.0,4.956398222628896,5.173060939961122,1.0
1.0,1.3168602421498006,5.542787979178105,1.0
1.0,2.353455486296399,5.439006543526101,1.0
1.0,2.1530261817731673,7.775895946740302,1.0
1.0,1.9643281113441162,4.309405915238102,1.0
1.0,2.6655484776764737,4.549325313259096,1.0
1.0,5.186776900963645,6.596505426866613,1.0
1.0,2.3766001028114805,6.664524743412465,1.0
1.0,3.1504110073677345,5.270689750040195,1.0
1.0,1.9671977964746172,7.266485503929082,1.0
1.0,2.6147756299259526,4.410473563371527,1.0
1.0,2.289113787948143,5.456711483502344,1.0
1.0,2.8247505449513373,5.023035050331537,1.0
1.0,1.3528111188875858,4.174855024548625,1.0
1.0,4.0854953360928725,4.582927097023188,1.0
1.0,2.981934280084218,7.286348380022045,1.0
1.0,2.6701622883609857,6.030160281448301,1.0
1.0,3.8434934362776576,5.8315211610546696,1.0
1.0,2.956710202701659,6.02889295292676,1.0
1.0,1.627382637963195,4.908059537181849,1.0
1.0,3.031450982287517,4.89265839646958,1.0
1.0,2.6655830406292944,5.882403654747885,1.0
1.0,2.341815257195103,6.542836813468055,1.0
1.0,2.1850977438673564,7.226193803624085,1.0
1.0,3.4873656777393807,6.039147462837979,1.0
1.0,2.4040150414230634,5.341482610015791,1.0
1.0,1.596889363274516,7.094813902799242,1.0
1.0,2.4740777191612353,5.203311679036834,1.0
1.0,1.8934547014200036,7.292428919883142,1.0
1.0,2.149451558209483,8.387579837035638,1.0
1.0,2.940911230033386,5.671671917426312,1.0
1.0,2.9463493442288877,7.230502542021168,1.0
1.0,2.4927454873305885,5.020008512632174,1.0
1.0,2.731084709182077,6.370541480747072,1.0
1.0,2.392466168273323,6.577718488273641,1.0
1.0,3.388097189650004,7.606550236978752,1.0
1.0,3.436073540998359,5.4761909721110005,1.0
1.0,4.656181122218791,5.17412413232403,1.0
1.0,2.1864047755422797,5.303107712240877,1.0
1.0,2.716565243629897,4.281857794266214,1.0
1.0,2.7196320715236353,8.008840710332729,1.0
1.0,2.4611715737390107,5.544446099900066,1.0
1.0,2.513864266812397,6.78284585784718,1.0
1.0,2.618164594107302,5.758927327626096,1.0
1.0,3.3291909172712,5.681835652571221,1.0
1.0,3.101891580405708,6.620223835694128,1.0
1.0,2.4877637028437496,7.609934737764462,1.0
1.0,2.3039753514715486,7.091021665029832,1.0
1.0,3.9267225151514253,5.9550077128706125,1.0
1.0,5.196223766671212,5.72606717404923,1.0
1.0,3.4652322160750173,4.260757467317703,1.0
1.0,1.9053028946523454,6.301935398852468,1.0
1.0,4.150711757273708,5.72995008951782,1.0
1.0,4.253460219166023,5.279492474125255,1.0
1.0,3.29670488158641,5.3958088493131715,1.0
1.0,2.4686307246322667,3.911731491268952,1.0
1.0,2.0303225743167648,6.523572333805123,1.0
1.0,2.251315017272574,8.147164465640797,1.0
1.0,2.678151331276723,4.348471026897642,1.0
1.0,3.0630493044928837,6.321959005197466,1.0
1.0,4.286019444848669,6.05774942518281,1.0
1.0,2.837157200415641,4.949768190385513,1.0
1.0,2.7472886332485404,7.188759438098069,1.0
1.0,4.218963013911475,5.414315962252036,1.0
1.0,4.421178203328241,6.06606087217299,1.0
1.0,2.470196923132016,5.828284582698382,1.0
1.0,2.791740042829109,5.925594502621489,1.0
1.0,4.87014802149392,7.799413345304891,1.0
1.0,4.3357506466086075,5.316902880939949,1.0
1.0,2.9986622258111773,6.979242635751069,1.0
1.0,1.5707215297558794,4.430615224794926,1.0
1.0,2.8346303157655117,4.031211230513048,1.0
1.0,2.745722914095853,5.602256287258211,1.0
1.0,3.655399742340136,6.4819536001787315,1.0
1.0,2.906126787195986,5.621464245598951,1.0
1.0,2.3723362760314197,4.9575466892790425,1.0
1.0,3.0416185161620994,5.418138403311943,1.0
1.0,2.3179719307558404,7.555731160203544,1.0
1.0,3.651037946034263,6.829002220028085,1.0
1.0,3.5947223470709053,5.9559763204093645,1.0
1.0,2.532719911368877,7.685343521508398,1.0
1.0,1.8365285745746422,6.692806873192137,1.0
1.0,3.5984849620799757,6.1399703746387475,1.0
1.0,1.6861906142672773,5.308885149954207,1.0
1.0,2.4110171514528678,6.013647688873475,1.0
1.0,4.1690215325665525,5.714579535110344,1.0
1.0,1.9164604414652038,5.698759578657672,1.0
1.0,2.8300004449816125,7.782212251564272,1.0
1.0,2.500481797193281,5.113746888142907,1.0
1.0,2.385972137876224,6.286364368048878,1.0
1.0,2.63324674595386,7.660880985905466,1.0
1.0,1.114353468150238,6.243086109722311,1.0
1.0,2.2971018829026266,4.899156673118241,1.0
1.0,2.150428012357132,3.5870647737927586,1.0
1.0,4.778041315687658,5.462983228018933,1.0
1.0,2.2430743804587365,5.477133152543915,1.0
1.0,4.071318193025247,5.8524683761203855,1.0
1.0,4.081287351011195,7.39828913174785,1.0
1.0,3.0684324990894183,6.593761158836492,1.0
1.0,2.3383253758005966,5.352411666714464,1.0
1.0,3.5465612028882645,7.201627052125817,1.0
1.0,2.8060423691672285,5.738562861496672,1.0
1.0,2.1052848287981725,5.9761995844293585,1.0
1.0,2.500734148562035,5.9068624782406856,1.0
1.0,1.579226430497177,6.388063265136611,1.0
1.0,2.3244915543132496,6.237882384045992,1.0
1.0,3.8792254855129698,6.4602290058024225,1.0
1.0,3.7432980810587004,7.910771058336615,1.0
1.0,2.1692192305516613,5.3289031028782485,1.0
1.0,2.2314105651360965,4.642925397187299,1.0
1.0,4.2600264035254565,5.3288409786161655,1.0
1.0,4.132856048124031,4.755965409263554,1.0
1.0,4.0870365182125195,5.237526340324605,1.0
1.0,4.144483218978458,7.098331038826006,1.0
1.0,4.258402084580181,6.015883427406981,1.0
1.0,4.9471646205015,7.676469775828952,1.0
1.0,2.8465774364866183,8.333359063118143,1.0
1.0,1.6547832628448702,6.499916194685262,1.0
1.0,3.4301093343339732,6.2843090827325705,1.0
1.0,4.32928118035564,5.786794956251235,1.0
1.0,2.9894375791434116,5.118798853567386,1.0
1.0,3.55009407522986,6.729535982047024,1.0
1.0,2.1683555911580825,7.591752339631484,1.0
1.0,1.8045016813620094,7.250595383574309,1.0
1.0,4.190559007168936,4.835208339201444,1.0
1.0,2.6466933639709977,7.224362437886951,1.0
1.0,4.6903943505075,7.289875445750319,1.0
1.0,3.769363740881875,6.758227045751209,1.0
1.0,4.360315759649741,6.179888121621158,1.0
1.0,0.5615277050012075,5.180782886769651,1.0
1.0,3.7959378863053237,5.560165824334627,1.0
1.0,3.225054773147863,5.552233006296079,1.0
1.0,1.8465042948791208,4.1189732010181235,1.0
1.0,3.172880360125613,6.463009208550236,1.0
1.0,4.100293729981914,5.6818353314829615,1.0
1.0,3.95575811897959,5.392898038914127,1.0
1.0,2.697888302533285,5.183415515139351,1.0
1.0,4.3315074900739035,5.671831155428,1.0
1.0,2.9687001487978177,5.675829938265463,1.0
1.0,3.2492196065953096,5.104390978894485,1.0
1.0,4.969316601578304,5.3360746109119965,1.0
1.0,2.88521800863432,5.150244604643823,1.0
1.0,1.6239394846984125,6.755818088986141,1.0
1.0,3.910451894278387,7.18449392777228,1.0
1.0,4.64604216350928,5.171379040815994,1.0
1.0,3.878502477974838,5.488453061275387,1.0
1.0,5.900018362775626,5.542352100707282,1.0
1.0,2.529158004337365,4.6851841242579,1.0
1.0,1.2467830558195825,6.092811466775239,1.0
1.0,2.9575936355124166,4.442394295306455,1.0
1.0,2.5801952495038325,5.943284392537072,1.0
1.0,3.5994867959499297,7.021232935924337,1.0
1.0,3.806933799462972,6.122646262068084,1.0
1.0,3.2032832643727387,6.101559962756471,1.0
1.0,2.294520378169784,6.013943853690204,1.0
1.0,2.676829373009462,6.014605414119631,1.0
1.0,2.9943687760100395,5.827157452972539,1.0
1.0,3.269016015160572,4.34400784445376,1.0
1.0,1.20779712357158,4.656297778911937,1.0
1.0,3.363111657189158,3.2272372366421473,1.0
1.0,3.390203910638353,7.589324913052319,1.0
1.0,2.673876965936789,5.432418999388332,1.0
1.0,2.427448675854753,5.533223700445208,1.0
1.0,2.052310330613547,5.953223050905277,1.0
1.0,2.726490368122211,7.7627811394849155,1.0
1.0,2.823503645624034,7.337307748102873,1.0
1.0,3.6109059029827817,3.822371116403699,1.0
1.0,2.247002564829435,8.149240948372698,1.0
1.0,3.272828750841301,4.320930304747988,1.0
1.0,3.032594160014665,5.5747400826659455,1.0
1.0,3.3442324686034595,6.891144773902156,1.0
1.0,4.436413282462981,4.908650514645222,1.0
1.0,2.944707496346726,6.505483043755314,1.0
1.0,4.076329129497096,5.895751739289872,1.0
1.0,4.490832770929872,6.282834403251897,1.0
1.0,2.7076152337792774,3.8987656727885938,1.0
1.0,4.5311838075942426,8.01378608376231,1.0
1.0,3.5048576164221625,6.328053489391048,1.0
1.0,1.7036835913470332,5.47259183701719,1.0
1.0,1.8271778956709301,7.010720745299247,1.0
1.0,0.9876173110678721,5.6929823451569606,1.0
1.0,2.3187714007835836,7.460746381991193,1.0
1.0,2.619990324681047,5.162294346133242,1.0
1.0,3.924463405807908,5.21704743249822,1.0
1.0,3.0564538122423137,4.433522518100316,1.0
1.0,3.8203317999606186,4.166615771380577,1.0
1.0,2.1072869740890727,7.151180180651556,1.0
1.0,4.1113039199533326,5.036287937442547,1.0
1.0,4.394183226101676,5.73991216655625,1.0
1.0,3.722372926568467,6.701653772386156,1.0
1.0,2.2865246983214975,6.9326295197420835,1.0
1.0,2.5591258337490363,7.676699584827631,1.0
1.0,5.108566707309329,5.272549657815657,1.0
1.0,0.9863483926799117,6.488166073591141,1.0
1.0,2.523088585090817,4.79658651400528,1.0
1.0,2.38306807779913,6.183817099896972,1.0
1.0,1.7608728351269,6.713475432096912,1.0
1.0,2.7341915271492234,4.28623173329172,1.0
1.0,0.5168293388433103,5.060510503574324,1.0
1.0,5.394124428451615,6.7432603658872186,1.0
1.0,2.266032262309103,4.799651357770365,1.0
1.0,3.345323981286856,5.770740739159042,1.0
1.0,3.770901308728509,6.603005639228888,1.0
1.0,3.723828416382693,5.6697168142207985,1.0
1.0,1.8920448104673522,6.903607884225535,1.0
1.0,2.9621588233817535,4.921866623600812,1.0
1.0,1.3858661071870322,4.594897685602215,1.0
1.0,2.4318746267576987,5.038709721242302,1.0
1.0,3.26941785285677,5.819037138054525,1.0
1.0,1.891953967881789,5.971023379712159,1.0
1.0,3.856798373015757,5.429028645107863,1.0
1.0,3.7492468382856265,7.290956548718472,1.0
1.0,3.743603653214921,4.386880832844479,1.0
1.0,3.3428465984035993,7.8198374182801285,1.0
1.0,2.7585095890517537,5.908031605609962,1.0
1.0,3.792538925084054,7.50760547350479,1.0
1.0,2.599166001948002,4.934882534066096,1.0
1.0,1.841600949276731,5.544362617473574,1.0
1.0,3.6441427306176,7.975242243125469,1.0
1.0,3.9694907535793216,5.623674276160719,1.0
1.0,1.8582641677548455,7.120652369381272,1.0
1.0,4.67984594458549,5.567603197407204,1.0
1.0,3.438475047985597,6.200720037178343,1.0
1.0,4.135815564831556,5.2152538878303485,1.0
1.0,1.177130394976147,6.894095481283104,1.0
1.0,2.340411249952657,7.219325718894996,1.0
1.0,3.1922016049877056,5.184699741538626,1.0
1.0,2.624477489089732,6.32908375893615,1.0
1.0,4.54033142776484,5.513943581691565,1.0
1.0,2.1615791014076797,4.991175106695808,1.0
1.0,2.089351695428519,6.426029034534272,1.0
1.0,2.6807205784913637,5.035691169727413,1.0
1.0,2.6212061748765225,4.964616272089602,1.0
1.0,1.0276762810605822,6.52946902519549,1.0
1.0,1.8123399526896615,4.7077291381429465,1.0
1.0,2.601502746496471,7.31666046266514,1.0
1.0,2.408466003116044,5.6896246078256265,1.0
1.0,2.650033435876293,5.685592238975067,1.0
1.0,4.9502895923226555,5.843378102580617,1.0
1.0,1.4499428971088386,5.781171512815182,1.0
1.0,1.7396961767122465,7.353350369831899,1.0
1.0,2.4590803832648866,6.013789768262451,1.0
1.0,1.6934683810151205,6.72419009533256,1.0
1.0,3.0722255572103543,6.032468745510927,1.0
1.0,2.309370008204144,6.324353575572543,1.0
1.0,3.3687639398856546,6.555001688296562,1.0
1.0,3.042121236685356,6.038960981690706,1.0
1.0,3.124895996967519,5.248027120431573,1.0
1.0,2.881044184308442,5.088854173187014,1.0
1.0,4.593678553514328,5.992279423303051,1.0
1.0,2.421035014999566,7.201313904788029,1.0
1.0,1.8669302390266052,7.569200716135358,1.0
1.0,3.9451172257696503,6.668511974019236,1.0
1.0,3.7023162396700986,5.512335716814492,1.0
1.0,2.05719789830863,4.9332946053899915,1.0
1.0,3.7776221303350015,6.193299587910919,1.0
1.0,1.0388598486111271,5.516829395698198,1.0
1.0,2.393187653264408,6.3960541838093405,1.0
1.0,2.518527792511405,6.448267484600987,1.0
1.0,4.169347602501784,8.285714810021895,1.0
1.0,1.5714591438297645,7.051444246386668,1.0
1.0,4.067439481070597,5.507653393891489,1.0
1.0,3.9182324840658276,6.97121280513311,1.0
1.0,1.8747558996361184,6.005626617754523,1.0
1.0,1.4196172114591588,6.225516436028372,1.0
1.0,2.6628450046677083,7.120325510466285,1.0
1.0,4.188760738961877,7.651812575364385,1.0
1.0,3.4458745748017017,5.946929759597205,1.0
1.0,3.900203502158383,6.989058571552478,1.0
1.0,1.6260702370497286,6.53285374640674,1.0
1.0,2.8601122799089884,3.898467457187622,1.0
1.0,3.238214335994736,6.656809294702496,1.0
1.0,2.5333308439290843,4.441450665006334,1.0
1.0,2.0412007212106995,6.653656158379745,1.0
1.0,2.160282804070758,5.568057600319397,1.0
1.0,3.8161571768825153,5.83860082707278,1.0
1.0,3.1741369494723135,8.293594436021444,1.0
1.0,1.8148401328148367,5.653292981120778,1.0
1.0,4.292106985937901,8.177643568173615,1.0
1.0,4.622490508203477,6.257483537998533,1.0
1.0,3.3879400026393314,5.646140261816102,1.0
1.0,4.547177089184981,5.322647750124039,1.0
1.0,2.5238404043368066,7.0024718778744885,1.0
1.0,1.5009179286272938,6.0420953294461395,1.0
1.0,1.696286809061589,6.884559965503532,1.0
1.0,2.2633606326400164,6.322454574960469,1.0
1.0,1.4982924061899494,6.364547497104056,1.0
1.0,2.5588764378321303,4.225755345844119,1.0
1.0,2.9816604472466697,5.568422244345758,1.0
1.0,3.354919812493951,6.688422460797331,1.0
1.0,4.130334385986108,7.030281284098576,1.0
1.0,5.537741966181694,6.5859791314408485,1.0
1.0,2.461540738227223,6.269805426284134,1.0
1.0,3.1896567089460466,5.696747905217436,1.0
1.0,2.162873251114348,5.528634511875288,1.0
1.0,3.796367178246813,6.440713541966997,1.0
1.0,4.0835561221317125,4.516259021371434,1.0
1.0,1.7674711015256332,6.807528846185199,1.0
1.0,1.5219610379379298,4.843697401624802,1.0
1.0,3.9370031436324195,5.851669360356326,1.0
1.0,3.0089091655025486,6.344411837440792,1.0
1.0,2.9760681318413083,7.696193476192894,1.0
1.0,4.732878907995761,5.486715650446873,1.0
1.0,4.120636661247065,5.446419628849896,1.0
1.0,5.457892410612128,6.5073689852708565,1.0
1.0,2.244267017181717,5.588434369027043,1.0
1.0,3.749342701863859,5.637894118797942,1.0
1.0,3.0195682639907657,5.821562127260325,1.0
1.0,2.6393976876402134,7.177981637206398,1.0
1.0,3.059352872637744,4.526038609612733,1.0
1.0,2.047969683900718,4.897234213600275,1.0
1.0,2.7002924162687627,5.279710391836051,1.0
1.0,3.2180539199028266,5.915791202513834,1.0
1.0,4.371284630044869,7.168612928064132,1.0
1.0,3.9106937569056446,5.924025888009236,1.0
1.0,2.649654309352366,5.789664918265113,1.0
1.0,0.9800614822562603,5.694872031845258,1.0
1.0,2.2142591288125963,6.585973123472982,1.0
1.0,3.1473557749957273,8.424911246347692,1.0
1.0,3.500365770773576,7.38720897870029,1.0
1.0,2.3413311903419793,5.855862735655585,1.0
1.0,3.649430308669018,5.408327339000127,1.0
1.0,3.415664922809424,6.526075028260444,1.0
1.0,2.2925500553137237,5.801754712989629,1.0
1.0,3.9668339198148668,6.451222189243833,1.0
1.0,2.023056027262614,6.2773882399689835,1.0
1.0,3.9087913607729123,7.172936732604441,1.0
1.0,3.775315159630872,5.164499824174056,1.0
1.0,2.195075724198079,7.582698303068546,1.0
1.0,2.6417552331856684,7.281184696112213,1.0
1.0,3.9719228992154614,5.706222148497507,1.0
1.0,2.321474243384898,4.490633812792513,1.0
1.0,3.3039664018424277,6.376647658556673,1.0
1.0,0.3970686248564461,6.233232018563896,1.0
1.0,2.3740688807950256,6.200812534859426,1.0
1.0,2.9195421368623666,5.675428001817701,1.0
1.0,3.449399325966178,4.382336449289322,1.0
1.0,3.4094513079323447,5.420181649408562,1.0
1.0,3.3395182500026808,5.976445466450564,1.0
1.0,2.8968693170440183,5.150037907151702,1.0
1.0,2.571692676513736,4.202813245920548,1.0
1.0,2.265908021440588,7.304331399436878,1.0
1.0,2.9363836509359404,6.738622394992922,1.0
1.0,2.7712676532927487,6.173731805316718,1.0
1.0,1.9311313707681754,8.419932504934788,1.0
1.0,3.7399814947536454,4.718589993537283,1.0
1.0,4.0155811155901295,4.510495443104849,1.0
1.0,4.374826453275748,5.377352067541565,1.0
1.0,4.999703820425454,6.682476085967753,1.0
1.0,1.59762971792356,6.886252169611802,1.0
1.0,2.8447871808101652,7.196935562618119,1.0
1.0,5.619212540132619,5.44130749030815,1.0
1.0,1.7598328555682088,5.312824933523339,1.0
1.0,3.310495973506206,4.508167362580736,1.0
1.0,3.557406179896296,6.309736738963279,1.0
1.0,0.6842361741081864,4.235031695829629,1.0
1.0,2.2291841093122287,5.899792355997117,1.0
1.0,3.6999450590648095,5.851603786653499,1.0
1.0,2.7423499265326896,7.494604376750151,1.0
1.0,2.4087968188163313,7.652568750733948,1.0
1.0,2.923521203758669,5.5087376725386275,1.0
1.0,3.0362593871168992,6.429148142443138,1.0
1.0,3.542110345845886,7.544501906296724,1.0
1.0,4.379182413954937,5.437907483496482,1.0
1.0,1.7650556476109287,3.2865637248183623,1.0
1.0,2.596327498568667,6.588968694549415,1.0
1.0,2.7194655350547703,6.960685601903334,1.0
1.0,1.5795384351437372,6.521729435783053,1.0
1.0,3.1929157318901185,5.212641439748827,1.0
1.0,3.5347949899596083,6.3889473105797165,1.0
1.0,2.80232924922259,6.704314564725136,1.0
1.0,3.7276751566525164,4.263149582854831,1.0
1.0,4.768233535905774,5.124746638279503,1.0
1.0,2.779497394735024,6.480323381217034,1.0
1.0,2.4795172680888156,4.096922526713462,1.0
1.0,2.036958269802053,3.4162073975965663,1.0
1.0,2.107865894860634,6.7319197839310005,1.0
1.0,3.0149650389876643,5.631289033902505,1.0
1.0,2.6129521276674,6.9649112098620005,1.0
1.0,1.394087789801105,5.090182989090879,1.0
1.0,4.208890743431537,6.628342454099069,1.0
1.0,2.9668836228453737,7.743660791374438,1.0
1.0,1.8190111006032166,5.263197711184454,1.0
1.0,3.6554776126405386,5.219965196226975,1.0
1.0,0.9946319117180717,6.9461351255431465,1.0
1.0,1.454267356449831,6.075440438766633,1.0
1.0,2.693777806231777,6.560050224225973,1.0
1.0,3.192829569487146,6.114388896593396,1.0
1.0,4.027747599901825,6.370757413472555,1.0
1.0,3.7850387290611747,6.91687925025701,1.0
1.0,1.9272488110122103,4.809037950840648,1.0
1.0,3.8316421108507432,7.188953802819672,1.0
1.0,1.5853673358224905,5.301287628979614,1.0
1.0,2.086789696172941,5.9576888609351615,1.0
1.0,2.929936824355977,4.06357708668421,1.0
1.0,2.6752790011255505,5.599173939438611,1.0
1.0,2.0998175655488795,3.745192609667708,1.0
1.0,4.349038679693415,5.783923001630375,1.0
1.0,2.635614733673646,4.467690895721442,1.0
1.0,2.2851300581469984,5.198417422845244,1.0
1.0,3.2682064504616535,5.907675623147208,1.0
1.0,4.924002030765867,6.982426855419958,1.0
1.0,2.5017659968739987,7.108217071038862,1.0
1.0,3.277962968759544,4.650968853046851,1.0
1.0,2.98515642462466,7.728064744070392,1.0
1.0,3.3208538128922522,5.8461001382581035,1.0
1.0,3.194208965849649,6.415144113688052,1.0
1.0,3.044707323434513,5.697648440537938,1.0
1.0,1.7210475932229456,5.074690634272135,1.0
1.0,2.219875381608403,6.639429888472669,1.0
1.0,3.2635705767090215,6.016052404217761,1.0
1.0,4.283288621263996,7.307925369189972,1.0
1.0,3.189832788966406,4.387915036520459,1.0
1.0,3.0928505282848007,6.739913785908494,1.0
1.0,3.1490567084403347,7.365867845129096,1.0
1.0,2.4537298499263875,4.853191294526688,1.0
1.0,2.3457954011747324,6.173616114132543,1.0
1.0,2.3816603918052577,8.012800822403259,1.0
1.0,3.9300587996485303,6.56727196050834,1.0
1.0,3.1233978322359714,6.193810834827573,1.0
1.0,4.916125696213326,6.481977520990028,1.0
1.0,2.04477872000558,5.844632340067184,1.0
1.0,2.2017210459656282,5.827594157325138,1.0
1.0,3.6369313244351105,4.153409054186123,1.0
1.0,2.573683118864067,6.07587429479642,1.0
1.0,4.056300455136892,4.922713033576646,1.0
1.0,3.391907787445736,6.930800549675992,1.0
1.0,2.5255420711058556,5.14716727988783,1.0
1.0,3.2783857788352675,6.118140313501666,1.0
1.0,2.1594330979806147,4.946804808387906,1.0
1.0,3.0233462240301296,5.111453748033133,1.0
1.0,4.411989964710031,6.651922625577813,1.0
1.0,1.8925686771212478,3.571014161730631,1.0
1.0,2.105104689272257,6.372198993207161,1.0
1.0,2.5243250066798444,6.046924210954924,1.0
1.0,4.307706760075431,6.3886289644474745,1.0
1.0,3.921859246126106,5.4922888670034355,1.0
1.0,3.989737764613028,5.902921853362138,1.0
1.0,1.7452848751644208,6.250712788892499,1.0
1.0,2.6437912244813093,6.4631219590921125,1.0
1.0,3.5076333675817724,6.143920296886081,1.0
1.0,1.9385355989546387,6.45871160777414,1.0
1.0,3.791848657783693,6.624280403278897,1.0
1.0,3.6744522868144065,4.4660522455569165,1.0
1.0,1.3583482300164809,5.50052786102582,1.0
1.0,2.6404546312329362,5.403651637719242,1.0
1.0,3.003083748199453,6.179697576818956,1.0
1.0,4.048245518841133,6.96230699565753,1.0
1.0,4.162930921565131,4.6198355653195815,1.0
1.0,1.8338665707893402,7.003174450623243,1.0
1.0,2.3871445380064835,7.105963022139884,1.0
1.0,2.664331535414124,5.6620552138287294,1.0
1.0,2.609495417129629,5.411397168349474,1.0
1.0,2.900056537566787,5.707688238147108,1.0
1.0,3.135804613839092,4.500804146728832,1.0
1.0,2.826559887445,7.13120038768708,1.0
1.0,1.9437388594161915,7.374077620056397,1.0
1.0,2.531085532810001,5.266465127914283,1.0
1.0,2.5506632783213696,6.856168507393601,1.0
1.0,3.6487472475189366,5.41184432601729,1.0
1.0,4.067993767837097,6.875674170885634,1.0
1.0,3.440345681733178,5.714728759277755,1.0
1.0,2.7423548905253594,6.097868418394968,1.0
1.0,5.613395933374042,5.55110087013953,1.0
1.0,1.9144733931710132,5.689166286239177,1.0
1.0,2.815223030811599,4.771025974833353,1.0
1.0,2.1655053636168473,6.962354009194181,1.0
1.0,3.4758006800405523,7.630425051061709,1.0
1.0,4.883296935830329,5.844737317882521,1.0
1.0,1.7550681612198928,4.246596517568831,1.0
1.0,5.001032220650333,7.94016144859695,1.0
1.0,1.0504775376686606,6.375338852695921,1.0
1.0,2.8459580128544077,5.83328786235204,1.0
1.0,3.3617044687833535,7.454870661546745,1.0
1.0,1.8787097624320623,5.726819876083232,1.0
1.0,2.543404004821922,3.215875604368063,1.0
1.0,3.7220891396207834,7.591433887839475,1.0
1.0,1.7414356019097736,5.6178963112018465,1.0
1.0,2.293709225573691,6.290429653919231,1.0
1.0,1.5341212523857184,5.991042471279262,1.0
1.0,2.7327247903813534,5.011332980468636,1.0
1.0,2.7391049750409193,6.208994663805595,1.0
1.0,3.8944399852262817,6.276912844719862,1.0
1.0,3.4705416777029114,6.231459520612507,1.0
1.0,2.0732240496276226,4.955466841546119,1.0
1.0,2.0198318432313482,5.701347806146841,1.0
1.0,4.840346602677758,6.404967235938183,1.0
1.0,2.4877694687813237,5.411866165384702,1.0
1.0,5.132661569636145,5.278901713573534,1.0
1.0,3.2006372797007656,6.304955070424793,1.0
1.0,2.7887508466230857,5.558939414736621,1.0
1.0,3.417009996517253,5.49445543028845,1.0
1.0,5.0358865107330555,6.533019389867969,1.0
1.0,3.1105205786441723,5.3272913611802135,1.0
1.0,0.9446103192842608,5.934371415601154,1.0
1.0,2.760456122343917,6.02598708031807,1.0
1.0,2.0775883506588264,5.514506477666433,1.0
1.0,1.6270510344498885,4.785714047173604,1.0
1.0,3.142776579721754,5.213254768701005,1.0
1.0,2.8841380388684277,6.72439983659236,1.0
1.0,3.433425130849408,4.703249573672872,1.0
1.0,1.5448224177705876,5.6032484038845025,1.0
1.0,2.3808683502586274,5.36308199997135,1.0
1.0,3.042803337434069,6.751560144048568,1.0
1.0,2.9508979139387934,5.7470554020080025,1.0
1.0,2.7605702715241875,7.188878921989831,1.0
1.0,3.9660189429685553,7.350870455391624,1.0
1.0,1.459092506586971,4.517568471940011,1.0
1.0,3.6490492133525803,5.404894288552757,1.0
1.0,3.236645631585039,5.917988671701547,1.0
1.0,3.3859621562235804,6.5569890428154505,1.0
1.0,4.2823921690125255,6.209154410024077,1.0
1.0,2.1407495138740167,6.366155673831635,1.0
1.0,3.4852444190833354,6.06970738928783,1.0
1.0,2.090821496438809,5.113301978347424,1.0
1.0,3.465667158832288,4.277296663842441,1.0
1.0,3.2792374054493485,8.500701469192185,1.0
1.0,2.3923385812354683,6.436228517896113,1.0
1.0,3.4775003873733725,5.009534533386252,1.0
1.0,4.194593149895876,5.1628439198116425,1.0
1.0,3.642679729868358,5.546041040131988,1.0
1.0,1.5869868658275585,5.394919932455822,1.0
1.0,3.8966051070550085,7.34885342554252,1.0
1.0,2.7744901812059086,5.087870776360594,1.0
1.0,2.573255087129669,5.98216272675767,1.0
1.0,2.8496876864438714,5.534997578437763,1.0
1.0,3.211941742941698,8.429028249242794,1.0
1.0,2.1732786779389497,5.550632675162866,1.0
1.0,4.201262110124463,5.409367019603292,1.0
1.0,4.2817222964711,6.488092311412847,1.0
1.0,1.0253545847842391,7.08699334916896,1.0
1.0,3.3811014755984945,6.224980264065753,1.0
1.0,2.9965084478934787,5.672791429253522,1.0
1.0,3.611966490001628,5.934920038817506,1.0
1.0,3.3695736510408723,5.42485698231427,1.0
1.0,2.906681377011239,7.245995698726672,1.0
1.0,4.6988112675635785,6.56766782066236,1.0
1.0,4.034937499753683,5.505584125137559,1.0
1.0,0.7407123437768908,6.534437183699396,1.0
1.0,2.7973423232109687,4.985444975841575,1.0
1.0,4.278006354649861,7.355829344780192,1.0
1.0,2.030291176786301,6.260312790202656,1.0
1.0,3.4025185620943876,6.043843363084019,1.0
1.0,3.275779289112819,5.806482611571865,1.0
1.0,3.7815366857876365,6.28446840234339,1.0
1.0,4.002192507773505,6.050293491277577,1.0
1.0,2.1253101580722396,6.710366014527781,1.0
1.0,3.9572536870483033,6.672224211769264,1.0
1.0,3.6116192365316686,5.356608684479883,1.0
1.0,3.5866269320191737,6.013012199287956,1.0
1.0,2.284964063669727,6.1471963463148045,1.0
1.0,1.6727820502049477,7.289636022152183,1.0
1.0,3.842794673640683,6.533156519532209,1.0
1.0,1.5717345377836576,5.100705470834953,1.0
1.0,1.966294542417417,7.805257421421268,1.0
1.0,3.4447510315039036,6.966486813553823,1.0
1.0,3.2926389331810015,4.65427493124441,1.0
1.0,2.190360039679779,6.070820143192531,1.0
1.0,2.4886205330052795,4.518452418010453,1.0
1.0,0.8846579470582445,5.206319190070298,1.0
1.0,2.929177271218044,5.051762130058014,1.0
1.0,4.457530149735931,5.521106517026039,1.0
1.0,4.004779275530579,6.8087008155606945,1.0
1.0,2.4108807868843414,6.079373953803733,1.0
1.0,3.1459195789384427,7.15622530249812,1.0
1.0,2.133456951142193,4.016825526611941,1.0
1.0,3.5613150320040527,4.322486418925751,1.0
1.0,2.660392491974702,6.132452120129968,1.0
1.0,4.510124812412866,6.941667980983033,1.0
1.0,4.256657131834944,5.035398088608701,1.0
1.0,3.022005982703418,6.919614463410062,1.0
1.0,3.574163013200385,5.750203057487944,1.0
1.0,1.8952178006344387,4.928940577641149,1.0
1.0,2.959595277164952,5.589413475826161,1.0
1.0,4.327030076546205,6.448699456224305,1.0
1.0,3.933806328019756,5.128390075668753,1.0
1.0,1.507977282196565,5.465487251700296,1.0
1.0,3.0313862114298074,4.192721935821135,1.0
1.0,3.938926044353775,6.793240204665174,1.0
1.0,2.2624682220241814,5.7275092870186395,1.0
1.0,1.5327681776058097,4.8087537329342505,1.0
1.0,3.5611485261659466,5.094421253065766,1.0
1.0,3.6045907274031985,4.204696499827599,1.0
1.0,2.7674049734879693,5.204401160812097,1.0
1.0,4.090627295326534,8.107685456237446,1.0
1.0,2.695940888039816,5.81084070179147,1.0
1.0,2.530437951464727,5.902234684926719,1.0
1.0,1.6185760349737899,6.386178197482757,1.0
1.0,4.820155079141982,4.753378729206553,1.0
1.0,1.8885963319357013,4.985457608408284,1.0
1.0,2.987155528657703,5.152725539650942,1.0
1.0,4.178941779256904,5.376141935983759,1.0
1.0,2.97833877775268,5.714110902032448,1.0
1.0,1.4871039445220218,6.8668111536362,1.0
1.0,2.6842710848732096,6.08481355091247,1.0
1.0,2.6124760898127954,7.047395377057737,1.0
1.0,2.727454804232556,4.852570295049237,1.0
1.0,2.9134217437272176,6.138921349025888,1.0
1.0,4.552080570404234,7.30191285429413,1.0
1.0,4.905787426702157,5.875736932997591,1.0
1.0,3.018239599641465,4.492057172988211,1.0
1.0,1.1233467152152616,5.018092704107582,1.0
1.0,2.927317952502504,4.77623155967786,1.0
1.0,2.1434042535394653,6.250259537754983,1.0
1.0,3.6409982758852006,5.612562733953902,1.0
1.0,2.459800016812287,5.921880501209989,1.0
1.0,1.8151533255822736,5.874286172260863,1.0
1.0,2.527794052221634,6.428671194652147,1.0
1.0,4.470925367151714,7.143789699177465,1.0
1.0,3.6725637302575964,6.673627190049236,1.0
1.0,0.3812566722356907,6.967038114271212,1.0
1.0,2.5923184431350754,5.906721913917416,1.0
1.0,2.8084231512218643,6.0895338019928165,1.0
1.0,3.117671999730914,5.804128329347365,1.0
1.0,3.4462886172558393,6.038752798300349,1.0
1.0,2.901525889671313,5.582986458093753,1.0
1.0,5.175430102081608,4.9651659377299495,1.0
1.0,2.3908402218783578,5.861671495543624,1.0
1.0,3.4777178537845925,6.759668844936497,1.0
1.0,3.929665680225896,5.980569746724574,1.0
1.0,2.6457113928332494,6.411777334932888,1.0
1.0,2.161979862488924,6.358210667339013,1.0
1.0,2.001328440063866,5.5636350792424745,1.0
1.0,1.3409947218083655,6.090981470900175,1.0
1.0,0.9868464883439696,5.583582859967778,1.0
1.0,4.013286833378199,7.635012658510906,1.0
1.0,1.5216497078387465,7.225790071920143,1.0
1.0,3.409486755857599,6.703761811856613,1.0
1.0,2.6093355475366944,5.986490034257857,1.0
1.0,4.423554233533572,4.835299731184307,1.0
1.0,2.918996365359175,4.855708647160551,1.0
1.0,4.963271822167734,4.8331865347921426,1.0
1.0,1.8506172330925925,6.496613612115245,1.0
1.0,4.435772019351369,6.415821322583767,1.0
1.0,1.5420229728295118,4.936294293549583,1.0
1.0,3.9344612686284037,3.935277617225478,1.0
1.0,1.2160546950001911,5.837857818683193,1.0
1.0,1.1884772007689064,6.4118982688195,1.0
1.0,2.617605173027076,5.959050285109671,1.0
1.0,2.070871398414818,5.453716225497286,1.0
1.0,4.695045674602249,7.868319500628412,1.0
1.0,2.7639872954107627,7.911128173128278,1.0
1.0,2.4858051791492004,6.428351940822095,1.0
1.0,3.5344109619725783,5.756562224073764,1.0
1.0,3.029681801627232,6.571999787213275,1.0
1.0,1.9406784101787247,5.5008765224006115,1.0
1.0,-3.534661945781707,-1.2765108729751131,-1.0
1.0,-3.497651316087229,-0.43526670601843076,-1.0
1.0,-4.185941701112958,1.0836490605701325,-1.0
1.0,0.3677576387149728,0.05295750150657934,-1.0
1.0,-1.3829153329415553,1.5820408219559663,-1.0
1.0,-2.3466219384408618,1.1759342998472708,-1.0
1.0,-3.753376952849945,-1.3306344499892129,-1.0
1.0,-1.7155111253109803,0.29792586027628015,-1.0
1.0,-2.4224359858005613,0.35711491206722173,-1.0
1.0,-1.17087824635372,0.042719690348404095,-1.0
1.0,-2.8841063487324536,0.09651811022171636,-1.0
1.0,-1.936126967170666,-3.117673274399051,-1.0
1.0,-2.6902110935040078,2.314130613403532,-1.0
1.0,-2.3590372784762144,1.1136971601489738,-1.0
1.0,-2.082943764864155,-0.5559617369271327,-1.0
1.0,-1.3739542867902643,0.818990477104124,-1.0
1.0,-1.9373341369336257,-0.880682215020172,-1.0
1.0,0.5190494303391409,0.7495713138229798,-1.0
1.0,-1.757051897709336,0.7157592377811416,-1.0
1.0,-1.215409635592302,0.9959249220862334,-1.0
1.0,-2.3075801008307506,0.5852272396930968,-1.0
1.0,-2.472827964999493,-0.2764957112746097,-1.0
1.0,0.8086821735081733,-0.5508643981308794,-1.0
1.0,-1.1242531842962775,-1.3316134315210857,-1.0
1.0,-2.3318487940280503,-2.0243050189509484,-1.0
1.0,-1.063833802397598,-2.326049078364986,-1.0
1.0,-0.5964679171517269,-0.7827627397656686,-1.0
1.0,-1.9455113452067387,0.002161576650358876,-1.0
1.0,-2.3026990324598424,1.6240471331055426,-1.0
1.0,-0.38502534338294814,-0.4110404609653875,-1.0
1.0,1.170244308455139,-0.00020265199484242565,-1.0
1.0,-0.0468241785429222,0.6921635978832749,-1.0
1.0,-1.2522545107816248,0.3734421797936225,-1.0
1.0,-2.397085561606575,0.3310669224024074,-1.0
1.0,2.4819984359235203,-0.8421824475459242,-1.0
1.0,-1.4541473264243994,-0.36927713999231415,-1.0
1.0,-1.497389433160314,-0.8491408302000987,-1.0
1.0,-2.69952768815869,0.621823834803838,-1.0
1.0,-1.875226670127148,-0.8657646836231372,-1.0
1.0,-1.3292381355414096,-0.3037467884744448,-1.0
1.0,-1.5360428704921203,0.7223487104188163,-1.0
1.0,-1.158743376643268,-1.1931707075142355,-1.0
1.0,-0.30584812720912635,-0.2102204694192806,-1.0
1.0,-0.2400744010905247,-0.7363437933679922,-1.0
1.0,1.2580914108578538,1.8423969934645936,-1.0
1.0,-0.15334033170710537,0.3992183502990696,-1.0
1.0,0.36505576754213287,-2.394697023755494,-1.0
1.0,1.487255777386689,-0.5437900366101462,-1.0
1.0,-1.8769120765247007,-0.26731634290713463,-1.0
1.0,-0.10077812297774369,-0.5906496414126722,-1.0
1.0,0.16261411931040914,-0.44015735330053457,-1.0
1.0,-1.242772144851619,0.5056000753167628,-1.0
1.0,-1.6313234532083962,1.0409604765397895,-1.0
1.0,-2.349192204991676,0.5426728003061211,-1.0
1.0,0.22002512504610228,1.3117995472507928,-1.0
1.0,-0.2746747676801542,-1.9200299515537944,-1.0
1.0,1.0380470801752808,-0.43243265645494067,-1.0
1.0,-0.5631926789944846,0.9655178854947382,-1.0
1.0,-2.4817575540501906,-1.8670321908745027,-1.0
1.0,-1.0695619132162408,-0.17127575765583042,-1.0
1.0,0.7436833519569888,-0.6680569475646695,-1.0
1.0,-2.530866662663464,-0.38255270661547686,-1.0
1.0,-1.2338850788041267,0.3764443647071916,-1.0
1.0,1.3035080618880652,-1.6509779584819075,-1.0
1.0,-1.3000417095032453,-0.5816535241683046,-1.0
1.0,-2.7459795357276473,0.6474027242056107,-1.0
1.0,-0.8182254702258271,-0.3938030942899512,-1.0
1.0,-3.3892165412655793,0.3338423752395674,-1.0
1.0,0.7685806788106642,1.4881804354229726,-1.0
1.0,-5.530287733123896,-0.4343805488690483,-1.0
1.0,-1.216516378804159,-0.5908841176758785,-1.0
1.0,-2.308836657709615,-1.5950588112006427,-1.0
1.0,2.753340401701014,0.490116013435521,-1.0
1.0,-1.8805762030969364,0.2100239191010343,-1.0
1.0,-2.8378985042321805,0.4455067309015941,-1.0
1.0,-0.3869030968629411,2.9189326598727243,-1.0
1.0,-2.7237555735765,1.2126041019407299,-1.0
1.0,-2.0524570036632444,0.7305285598015328,-1.0
1.0,2.1258138327928915,0.062051451885245544,-1.0
1.0,-1.916521209193247,-1.8118972831611273,-1.0
1.0,-0.6257923197211629,0.7106746728061621,-1.0
1.0,-2.60242297200114,-0.7122268535323725,-1.0
1.0,-0.3587602632566711,1.650944295037955,-1.0
1.0,-0.8314265024139937,0.24358353534029153,-1.0
1.0,-0.7475665249469191,0.34855673673426296,-1.0
1.0,-2.576032530400332,-1.3479085561336497,-1.0
1.0,0.7631656910595184,-0.7801458445119164,-1.0
1.0,0.9643808302542987,-1.561673517384918,-1.0
1.0,0.1290834447352105,0.06455162772120802,-1.0
1.0,0.8869522527246623,0.2910810157650981,-1.0
1.0,-1.9299504742389055,0.18331238922015625,-1.0
1.0,-0.6281425565820435,0.7942255128548623,-1.0
1.0,-0.03190772248567708,-0.7958156525899048,-1.0
1.0,-0.3294531060504773,0.2430765337162483,-1.0
1.0,-0.15092274038894082,0.6423044125682813,-1.0
1.0,0.462309617334117,-0.49938864907274805,-1.0
1.0,-1.5083764804090016,1.2950467132742116,-1.0
1.0,-0.42345120199669484,1.71289156016542,-1.0
1.0,-0.9763217839583871,1.520749571591539,-1.0
1.0,0.9838446155847891,1.2903699537108066,-1.0
1.0,-0.8633413747352348,1.1428878010477581,-1.0
1.0,0.08100053624309433,-0.5742790302916089,-1.0
1.0,1.579128411064492,-1.8229341641602665,-1.0
1.0,-2.8955566890350433,-1.1257129017602177,-1.0
1.0,-0.9174147888454509,2.2992226182416706,-1.0
1.0,-0.5729939211221786,-1.7181758654343027,-1.0
1.0,0.4277432671293153,0.0914451578740382,-1.0
1.0,0.2291225019717158,0.5879209849737524,-1.0
1.0,-2.491569673426972,0.08307556489072868,-1.0
1.0,-3.2104236563663457,-0.7548463332115609,-1.0
1.0,-3.7660389558143756,-1.703578218064307,-1.0
1.0,-1.8752995381152622,3.2866215415960234,-1.0
1.0,1.2007761362683564,-2.0289025301205594,-1.0
1.0,0.5973028328188947,2.4989267030529554,-1.0
1.0,-0.4427806588418579,0.11580433044089916,-1.0
1.0,-2.183061838650918,1.1271542883453105,-1.0
1.0,-1.3389882357556617,1.897626406082923,-1.0
1.0,-1.6335616190759101,-0.36567942873645043,-1.0
1.0,1.8542791474378442,2.320360465849489,-1.0
1.0,-0.07601491440745722,0.9195215301075415,-1.0
1.0,-0.6199143107743714,-0.13840563004238846,-1.0
1.0,-0.6538379183452956,-2.3965001771703833,-1.0
1.0,2.010616338858853,0.27252799571540853,-1.0
1.0,-0.3860522393938539,-1.157089653315277,-1.0
1.0,0.002741034635121764,-1.0691801175696627,-1.0
1.0,0.5549072567716826,-0.9021944316021935,-1.0
1.0,-0.5928577892572424,4.095036839692544,-1.0
1.0,-1.6442513118614748,-1.7969983944518229,-1.0
1.0,-1.6234207496773836,-0.466080548296162,-1.0
1.0,-1.3688780532852873,1.2096335499046909,-1.0
1.0,-0.023788077261838736,2.5815745010794373,-1.0
1.0,1.7727974763417742,0.006175579704391892,-1.0
1.0,-0.6631140065598388,1.7752938378205545,-1.0
1.0,-2.6593284470249765,0.9408297976488731,-1.0
1.0,-1.7653614184824118,2.4162129027070924,-1.0
1.0,-0.9253507542096939,-2.0923373102768736,-1.0
1.0,-0.8758349516155052,1.065074388630773,-1.0
1.0,0.34869358576921483,-0.9458953832730873,-1.0
1.0,-0.6033718136429617,-1.472185001493664,-1.0
1.0,1.4391410362539796,-1.4090869772161014,-1.0
1.0,-1.817827973119309,-0.6077074944121261,-1.0
1.0,0.12069829560535039,-0.8525666237752882,-1.0
1.0,-0.783994384330857,0.03496831968574993,-1.0
1.0,-1.0407646769424639,-1.9860496679325934,-1.0
1.0,-3.090058164080958,-1.5347696587139177,-1.0
1.0,-1.8294373853361976,0.8553540528895726,-1.0
1.0,-3.670029815665948,-1.1584327960893672,-1.0
1.0,0.006214204425252667,1.8220261216253093,-1.0
1.0,-1.2669701660427963,0.001564574809353495,-1.0
1.0,-0.19554164871836854,-0.30492537069185804,-1.0
1.0,0.14519052037251878,-0.13613636788682776,-1.0
1.0,-0.00022957798525025108,0.07811914660744068,-1.0
1.0,-0.5789097905859573,-2.1370362151141302,-1.0
1.0,-1.3383439832222321,-0.4271093171827459,-1.0
1.0,-2.377531700032141,-1.2826279943419971,-1.0
1.0,-2.867961708363239,-1.5536496142882423,-1.0
1.0,-1.706573312014457,-1.4786715441048206,-1.0
1.0,-2.328898040579038,-0.8353055716378067,-1.0
1.0,-0.9614663486826852,-0.5785477396016298,-1.0
1.0,-1.3263022673984162,-1.5439000693210596,-1.0
1.0,-0.7981794342814875,-0.05686147497338152,-1.0
1.0,-0.6123563999268061,0.2893628189181703,-1.0
1.0,0.09665557342964215,-0.3677724871185251,-1.0
1.0,-2.428117118406163,2.9060778658533164,-1.0
1.0,-1.7846633298746692,-2.592528837757308,-1.0
1.0,-3.0333926527247423,0.6257621396319599,-1.0
1.0,-0.3558709281032596,0.35792942234268676,-1.0
1.0,0.27613252000827626,0.21549484237911956,-1.0
1.0,-1.7604524166251247,-0.10416800039500022,-1.0
1.0,-1.308861357072002,0.5192213926399168,-1.0
1.0,-1.9482482255093612,0.5905501177527587,-1.0
1.0,-1.3571901903419172,-0.04219862802039285,-1.0
1.0,0.7248590136374,0.930282283122006,-1.0
1.0,-0.7288470049491684,-2.2671727737569674,-1.0
1.0,-0.409103302910244,0.37354782047394675,-1.0
1.0,-1.7304353726983925,-0.33273529908663924,-1.0
1.0,-1.8129773920484034,-2.486126862248597,-1.0
1.0,-0.6641354621612007,0.3710012837500333,-1.0
1.0,0.9218474327488266,-0.6355558806872069,-1.0
1.0,0.6282404557803054,-0.29480778808926594,-1.0
1.0,2.0859816494002783,-0.2536409058818995,-1.0
1.0,-0.4299557071107769,-2.439298745162316,-1.0
1.0,-1.5058478642002782,0.8313101815260795,-1.0
1.0,-3.9314323666660247,0.8182515745282982,-1.0
1.0,-1.719746085484827,0.2563281683309971,-1.0
1.0,0.3760565958678881,-0.42845384300516104,-1.0
1.0,1.136095460456871,0.6583085784783438,-1.0
1.0,-1.2359916781201044,0.6226164103507151,-1.0
1.0,0.7657251953639055,-0.7913405877716156,-1.0
1.0,-0.19742898676453935,0.8375071769095142,-1.0
1.0,-1.4254633052379946,0.3335096707942805,-1.0
1.0,-1.5478512031711587,-0.2248471161666786,-1.0
1.0,-0.3346080854716741,-1.7652366744934576,-1.0
1.0,-2.940624159287487,-0.9379881801249546,-1.0
1.0,1.5130603171875303,-1.0909355328144772,-1.0
1.0,0.17023625126034858,-0.5716209416795256,-1.0
1.0,-0.4444679642049607,-0.406331963260076,-1.0
1.0,-0.07764616758456944,1.371259189068752,-1.0
1.0,-0.018294632438858982,1.2791064628372395,-1.0
1.0,0.3940016722440749,-0.004420224511001629,-1.0
1.0,0.19738045451906605,0.8858419783605296,-1.0
1.0,-2.133740269114475,2.644333719975048,-1.0
1.0,-1.076025121329603,-0.7341456150688874,-1.0
1.0,0.09309922843841645,-0.3276877754511253,-1.0
1.0,-0.3655436183922365,-0.9524746583845564,-1.0
1.0,1.7543945755091581,-2.1066611863290747,-1.0
1.0,-1.2441025793033167,0.4323450990166113,-1.0
1.0,-1.777086459271955,-2.95176510455736,-1.0
1.0,0.244030105137079,-0.871355379421504,-1.0
1.0,-1.2567649226520183,0.5294423113793274,-1.0
1.0,-1.5573858446942495,-0.050856968450318604,-1.0
1.0,-1.7768200890951928,2.0318749133890743,-1.0
1.0,-1.7768716635655424,-0.8012815300198632,-1.0
1.0,-1.743941094665764,0.10246493842547812,-1.0
1.0,-0.8868200160761035,-1.3588101476030339,-1.0
1.0,-5.3766999767269015,0.1051827728595712,-1.0
1.0,-3.190065792894959,-0.9723261680420039,-1.0
1.0,-1.4308171009853443,1.4647403233377945,-1.0
1.0,-0.8904913736250022,-0.2898686232899211,-1.0
1.0,-1.4728561063540728,0.2511898438921552,-1.0
1.0,-1.0610659696223026,0.09951258825049507,-1.0
1.0,-4.157858617221905,-1.887285156382674,-1.0
1.0,-0.49832527819801276,0.35795576756732966,-1.0
1.0,-0.11105091123991995,1.0514778581181752,-1.0
1.0,-1.7432464121237476,1.619057789086598,-1.0
1.0,-1.3932211218351545,1.408295250530096,-1.0
1.0,-0.588889155165835,1.3990660688679792,-1.0
1.0,-3.9456247796353168,2.26474297671887,-1.0
1.0,-3.3429867728033646,0.6719901163081428,-1.0
1.0,0.2856883492528559,-0.328952675288638,-1.0
1.0,-1.8575937302054415,-1.1972583946131083,-1.0
1.0,-0.38784572078511026,-0.9625332609982764,-1.0
1.0,0.41845400658058596,1.2726549065946224,-1.0
1.0,-2.2974986312549412,0.18337357387839803,-1.0
1.0,-3.3819365918431354,-1.6974138552135425,-1.0
1.0,-0.3551540305996791,-1.824556057036874,-1.0
1.0,-2.164077628902996,-2.5226572864800554,-1.0
1.0,-1.2726849469136006,0.06762524661270221,-1.0
1.0,-1.5984570056967047,0.14293206512508133,-1.0
1.0,-0.015505594644534826,-1.3214740728183474,-1.0
1.0,0.6496951353942853,1.2703836432318052,-1.0
1.0,-1.4858191560150125,0.34826123999873937,-1.0
1.0,1.506003694185683,1.4434874957416792,-1.0
1.0,-0.5813597383778244,-1.3959043998009184,-1.0
1.0,-1.396135198710447,2.0209472133992255,-1.0
1.0,-2.081427754115606,1.857494783286316,-1.0
1.0,-1.0767787032353993,1.8079691370877806,-1.0
1.0,-1.2280950543104376,-0.9975259205303078,-1.0
1.0,0.39054863824676334,0.5001974065317023,-1.0
1.0,-0.9159459873874752,1.0549634227146756,-1.0
1.0,-1.7671454437162,0.054169667800265026,-1.0
1.0,0.72469131646636,-0.11018752160197007,-1.0
1.0,-1.231213379686751,-0.7509891434302549,-1.0
1.0,0.047296549087216144,1.4495279129018432,-1.0
1.0,-2.3070178956414313,0.406632444573507,-1.0
1.0,-0.6474884203923047,0.687274734030862,-1.0
1.0,-0.06249949735552851,-0.8377257713412288,-1.0
1.0,1.2681772243757328,1.343232056050913,-1.0
1.0,-0.263840875373898,1.3964007307109685,-1.0
1.0,0.5275102854745628,2.551140824217572,-1.0
1.0,-1.2964408300264885,-1.0241118535785814,-1.0
1.0,-3.500030604646104,-2.466385002096384,-1.0
1.0,-1.7055486927608934,-1.2681228617718052,-1.0
1.0,-2.3409555443632133,0.7801952193782601,-1.0
1.0,-1.3178680133469238,-2.107900177354277,-1.0
1.0,-1.9252998424774606,2.9172617032136543,-1.0
1.0,-1.092835332646368,0.9535815792580479,-1.0
1.0,0.1056770689143065,0.42633355684529994,-1.0
1.0,-0.2251436976639699,-0.4356940331106736,-1.0
1.0,-0.5584791049446117,1.1770551218165877,-1.0
1.0,-1.2864874536279722,-1.780218320612624,-1.0
1.0,-1.0766748056200117,-0.6600063177508199,-1.0
1.0,-1.4322858550224749,0.8695737257138256,-1.0
1.0,0.054220512725781767,-1.0101054209242497,-1.0
1.0,-1.1281263690393157,-1.2678926825079575,-1.0
1.0,0.4338032953405704,-0.13139298560735005,-1.0
1.0,-2.575263348623523,0.6637214113401319,-1.0
1.0,-2.9491671325340274,1.5960699279022146,-1.0
1.0,0.9017850197927633,-2.1059969108261662,-1.0
1.0,-3.3537804867468033,-2.0950179746196986,-1.0
1.0,0.034363144008669355,1.4355597561779223,-1.0
1.0,-0.6151853991826317,-0.48951693054541795,-1.0
1.0,-0.02880334507431881,-2.741310243462883,-1.0
1.0,-1.0356035018643286,-0.11067437035283346,-1.0
1.0,-1.6870728112329387,1.9485422821023188,-1.0
1.0,-3.8207520608980894,0.06930649738375975,-1.0
1.0,-0.35676585209998146,-1.574415526460988,-1.0
1.0,1.3097124910287121,3.083587062563577,-1.0
1.0,-0.04943654219083593,2.1654200735247056,-1.0
1.0,0.9087385128621572,0.15587577314195097,-1.0
1.0,-1.655853883609225,-3.171344651590211,-1.0
1.0,-0.7089657045665521,1.0170042563579977,-1.0
1.0,-0.731931814272317,-0.09104196074082588,-1.0
1.0,0.189615529418939,0.7629231611438332,-1.0
1.0,-2.4200018108955144,2.426693348361838,-1.0
1.0,0.5209366662596226,-0.17843842291543224,-1.0
1.0,-4.072321441781737,0.6262445647803095,-1.0
1.0,-1.063141459785332,-1.1639890979424308,-1.0
1.0,1.3690689995878786,1.5520578127220321,-1.0
1.0,-1.748410259462844,0.5644198431615093,-1.0
1.0,-1.1831511326696447,-1.190786334973052,-1.0
1.0,1.2303930999301063,1.5108520411785413,-1.0
1.0,-2.8658611619611634,-0.792600883291115,-1.0
1.0,-1.521417657938741,3.2120976201623237,-1.0
1.0,-2.9908471536703796,0.8113764191675231,-1.0
1.0,0.08950057884788842,-0.043468482517691566,-1.0
1.0,-1.197615347227472,1.161928190321898,-1.0
1.0,-2.12897093414544,1.9871597310929006,-1.0
1.0,1.208170545275892,-0.4381260746317004,-1.0
1.0,-2.7264938347446392,-0.2761752847222193,-1.0
1.0,-0.3105425647272245,-2.7049061407671577,-1.0
1.0,-1.1146416523685299,0.7372621837588007,-1.0
1.0,-0.22118966676843266,0.218520865852244,-1.0
1.0,0.3889170222731517,-1.1139781504493707,-1.0
1.0,-0.5466189114682707,-2.560486561247177,-1.0
1.0,-1.5698392904065792,0.34100876608963887,-1.0
1.0,1.1509961614541036,0.5012218499682592,-1.0
1.0,-3.319701473256988,2.708569150271129,-1.0
1.0,1.6296605715819483,-1.1119134060140483,-1.0
1.0,-0.9080800684609023,-0.25444333587675266,-1.0
1.0,-2.723752928530196,-0.43511686171381797,-1.0
1.0,0.5595650141628081,0.16057147272035113,-1.0
1.0,-2.999950602322024,0.2535907841748409,-1.0
1.0,-1.8795572748301201,-0.16270181329666558,-1.0
1.0,-0.24146238083119198,-1.8411718468636276,-1.0
1.0,2.4914049585715707,-3.5760235015911115,-1.0
1.0,-0.35604552329001793,1.2159904646979922,-1.0
1.0,-2.0170223214983034,-0.2830004132964422,-1.0
1.0,-3.0717828023732126,0.029919636252445155,-1.0
1.0,-2.2197132094747936,-2.0193593923066238,-1.0
1.0,1.6333159453559576,-1.0713611387004358,-1.0
1.0,-0.08010584867751513,0.6346205174091261,-1.0
1.0,-3.0156717100400816,-1.207361490504327,-1.0
1.0,-1.379268373720552,0.8709115551466015,-1.0
1.0,-0.6297352417385196,-0.6300703636567172,-1.0
1.0,0.32973154041977026,0.35599659941143547,-1.0
1.0,2.0542898482201375,-0.3992147998492016,-1.0
1.0,0.6444236417575648,1.4600136450412045,-1.0
1.0,-2.707449501812953,-0.6507175566073169,-1.0
1.0,0.07651692265042342,-0.227020612118503,-1.0
1.0,-1.0994195283523795,0.02624380354330429,-1.0
1.0,-1.055196220538464,-1.2001141893859102,-1.0
1.0,-0.703421612250162,0.5392301594252312,-1.0
1.0,0.37840409351384374,-1.3695506847211203,-1.0
1.0,0.8555259981396295,-1.052622171070604,-1.0
1.0,-0.8327563056569699,-1.6703943684626732,-1.0
1.0,-1.9128788834882005,2.4472712770586016,-1.0
1.0,-1.082541942341019,0.7167316619723241,-1.0
1.0,-1.196690627527113,-0.7297587199101027,-1.0
1.0,-0.3463780867143975,-1.0088758788783458,-1.0
1.0,0.9572654794625792,-1.6968174363526876,-1.0
1.0,-2.274197605986166,0.4361876999227662,-1.0
1.0,-2.8880617449501664,-0.9467430562382647,-1.0
1.0,0.27472768560718897,0.2805639020363075,-1.0
1.0,0.38472365042072987,0.6558985874826183,-1.0
1.0,-1.578036761830574,1.8548870629529775,-1.0
1.0,0.32158091365005914,1.0421646777726912,-1.0
1.0,-0.8163568339014086,0.4764452383161624,-1.0
1.0,-0.9564102373855692,1.667815731322266,-1.0
1.0,-1.398573471746756,-1.0925942230404624,-1.0
1.0,0.5688208647104895,1.2106310573128294,-1.0
1.0,0.5497195750198414,-1.1811628838663961,-1.0
1.0,0.15373089861063716,-0.7334363954060167,-1.0
1.0,-0.19060385617386477,0.9673531014996536,-1.0
1.0,0.7293286378275556,0.2857051342830502,-1.0
1.0,-2.106305217898603,-0.06796062680685991,-1.0
1.0,-1.6805384294028973,-0.09764595958694702,-1.0
1.0,-0.7395052800137488,2.7195949833014437,-1.0
1.0,-2.9809852664518,0.7150663798337987,-1.0
1.0,-1.0559272145380885,-0.6836270919113355,-1.0
1.0,-2.077830644169628,2.9902241181144382,-1.0
1.0,-0.42727264935061327,-2.036534341267947,-1.0
1.0,-2.120641585910887,-0.07958862182406573,-1.0
1.0,-1.0584863963572568,-0.8049897496674759,-1.0
1.0,-5.154927005858079,-2.9276389164257965,-1.0
1.0,0.17913607381392294,-0.617430016627196,-1.0
1.0,1.4560984677405888,-0.5603225681542827,-1.0
1.0,-2.1088905230905297,2.2678593600182797,-1.0
1.0,-0.2786350552525515,-0.657638248971184,-1.0
1.0,3.3018182333651707,-0.8386657209951257,-1.0
1.0,-1.833410796008424,0.1531793483134179,-1.0
1.0,-2.0504757097148416,-1.6738562799835628,-1.0
1.0,-0.7506757754073105,-0.11511220065435372,-1.0
1.0,-0.015248540195120563,0.8899995814704185,-1.0
1.0,-1.6350951842545642,-1.1921711107787243,-1.0
1.0,-1.0888651017365631,-0.9455795523750209,-1.0
1.0,-1.434781734714417,-1.5349023311168097,-1.0
1.0,-0.6579196194856363,0.7844572766421888,-1.0
1.0,-2.1216593854981163,0.9818148338696007,-1.0
1.0,1.1820768930409522,-0.2670249480020489,-1.0
1.0,-1.8305343688960218,-3.2270934556084803,-1.0
1.0,-0.36611181441136376,-0.014096600232331374,-1.0
1.0,-0.04104854905645028,3.22282795098256,-1.0
1.0,-0.5960105740531016,0.6022457055997973,-1.0
1.0,-1.3585779533368005,1.1216885453808856,-1.0
1.0,-0.5354202776020615,1.6914458151965932,-1.0
1.0,0.03989373197542134,0.7333853361741565,-1.0
1.0,-0.09165203306659675,-0.1243780601419501,-1.0
1.0,-0.05621659819851266,1.2143785335732404,-1.0
1.0,-3.7904097581863376,-2.4341400962463986,-1.0
1.0,-1.4296073386245134,-0.12096529292791323,-1.0
1.0,-2.6623875604159766,-1.2628508983376672,-1.0
1.0,-1.8342739302467328,1.5485971103117517,-1.0
1.0,0.058899586248519764,0.37808497534885266,-1.0
1.0,-2.517522052744287,-3.253902412091678,-1.0
1.0,-0.21004303416663317,-0.9516690593750347,-1.0
1.0,2.3642399796535982,0.36735199138074004,-1.0
1.0,-0.6139643657234863,-0.7188595692841805,-1.0
1.0,-1.1955615444736718,-1.091676828156703,-1.0
1.0,1.1824983607147463,-2.910922524889363,-1.0
1.0,1.632093706133988,-1.154680339817486,-1.0
1.0,-2.6893556203398976,-0.1585136555726916,-1.0
1.0,-0.353552169302604,-1.8610303800061665,-1.0
1.0,0.33678900246899035,1.8767942269999098,-1.0
1.0,0.9660469432749377,0.16216940859528442,-1.0
1.0,-3.9833413605658703,-0.11730202370200701,-1.0
1.0,-2.3215757594019575,1.1717175892352316,-1.0
1.0,-0.16187956337726028,1.3593913872653138,-1.0
1.0,-2.3271176162118588,-1.2236185507605368,-1.0
1.0,1.4730021584399084,0.15002885110920938,-1.0
1.0,-0.22134047915737032,-1.0751422125782952,-1.0
1.0,-0.020324915642755848,-1.608944457761695,-1.0
1.0,2.8076430310342824,-1.2477688845080914,-1.0
1.0,-1.8000622534747794,-0.48209391046287386,-1.0
1.0,-2.2148067511406953,1.234525121870538,-1.0
1.0,-2.630028659944954,0.5584957214895249,-1.0
1.0,-1.5194881540872431,-1.7594800412144036,-1.0
1.0,-1.7550028374972615,3.470214258270884,-1.0
1.0,1.325710659820126,1.0887524895114356,-1.0
1.0,-3.4672964420726897,-1.4544794148738316,-1.0
1.0,0.18645726783426464,2.9656301682753097,-1.0
1.0,0.4191528669234206,1.1803250947034014,-1.0
1.0,-1.2364468020212682,0.14972889687250857,-1.0
1.0,-0.6388772614481002,-1.1323381251108595,-1.0
1.0,-1.6444855238938874,1.6071765722257367,-1.0
1.0,1.2419314441826144,0.8089372866630835,-1.0
1.0,-1.3170424823428846,-0.26261201520273614,-1.0
1.0,-0.8540247821715128,2.8555992037572606,-1.0
1.0,-1.521251075709605,0.9422568232430438,-1.0
1.0,-1.966193909153757,0.8444665830561059,-1.0
1.0,0.12727764370303252,5.178215525310901,-1.0
1.0,-0.5021145044275485,0.20677574437197255,-1.0
1.0,-1.264052530464816,0.5863435804424444,-1.0
1.0,0.6533784955070259,0.7215798731382975,-1.0
1.0,-1.4075667756998307,2.087334254311899,-1.0
1.0,-1.4228607048588056,-1.952687819717042,-1.0
1.0,-2.7166540992827435,-0.23507543044114707,-1.0
1.0,3.292682365834694,-0.46703460101482147,-1.0
1.0,2.876795278992438,1.3715443445787712,-1.0
1.0,-2.254994648612972,-0.5053343636860518,-1.0
1.0,-0.043744582115549435,1.90409281835124,-1.0
1.0,2.4856691187102125,1.5342440923058382,-1.0
1.0,-1.5927614652563,0.5863053472453825,-1.0
1.0,-1.0561531279731933,-1.195535727106731,-1.0
1.0,-3.571835568885442,1.284413461420619,-1.0
1.0,-1.8332810774520616,-0.21805511701660657,-1.0
1.0,-2.6543117250795794,1.325410603199974,-1.0
1.0,-1.9675299874288479,-1.2070121380441632,-1.0
1.0,-3.6026089794622913,-0.05390211980303157,-1.0
1.0,2.518680618536828,-0.5297684011985276,-1.0
1.0,-0.09152709545471749,-0.5077192875156724,-1.0
1.0,-1.9554936347846956,1.2324771647928614,-1.0
1.0,-0.14717715969629575,-0.9173316101381939,-1.0
1.0,-1.2362766322061827,-0.6530959401787175,-1.0
1.0,-0.2622733610311935,-1.1643642483095102,-1.0
1.0,0.5980264958331223,2.7671493918527807,-1.0
1.0,-2.745147740851915,0.07856961659620051,-1.0
1.0,-1.1163354165059405,-1.4610369836531587,-1.0
1.0,0.08014473885351259,-0.21603116015979995,-1.0
1.0,-1.7751341604035367,0.18599957154617777,-1.0
1.0,-2.8991809718452792,0.8638938807734949,-1.0
1.0,-1.7002829138638447,0.6223527634615746,-1.0
1.0,-2.0738364840626513,-1.9942758322375074,-1.0
1.0,-2.6619816033316983,-0.2973029186880615,-1.0
1.0,-1.0677750074572954,0.9900059182006185,-1.0
1.0,-1.6001895907964796,0.15122713946975863,-1.0
1.0,1.4857034931228825,-0.13446804699896314,-1.0
1.0,-3.564225020568839,2.09734235056662,-1.0
1.0,-1.105476043155435,-0.3322860317701518,-1.0
1.0,-1.6250568023183374,-0.5860301613888063,-1.0
1.0,0.5874555797626824,-0.21138113655498425,-1.0
1.0,-0.9468736562793871,-1.4462614280438069,-1.0
1.0,-0.6506372492219561,-0.5619196704479391,-1.0
1.0,1.4378505836912376,-1.6130979372535288,-1.0
1.0,0.6313752282589735,-1.2302761586754993,-1.0
1.0,2.1745207829473236,-2.7321171052101003,-1.0
1.0,-2.6202414007071404,1.0011851809572765,-1.0
1.0,-1.8579852347885168,0.36989094742898315,-1.0
1.0,-2.4579183976410377,-1.6475519887117887,-1.0
1.0,-0.9916962985523352,-1.5273170733992185,-1.0
1.0,-1.9272929382171728,1.6556271061953018,-1.0
1.0,-2.4736238823592775,-2.022141752539576,-1.0
1.0,-1.475605056117603,-0.4066997133950773,-1.0
1.0,0.8310997265103408,0.08947022866044443,-1.0
1.0,-2.2090969063583334,-2.976442789209377,-1.0
1.0,-0.529583837170116,1.390473795901045,-1.0
1.0,-1.5885133975076315,2.3629523030530994,-1.0
1.0,-0.597589014395582,0.05824061610563161,-1.0
1.0,0.5563964234890444,1.0206099816886693,-1.0
1.0,-0.9719194070073539,1.4860204999227653,-1.0
1.0,0.00542945363507652,2.828895452919824,-1.0
1.0,1.7349921174141758,-2.1055382728130057,-1.0
1.0,-3.2574564890933067,1.6784713412328482,-1.0
1.0,-1.7613712093685026,-0.831407122076077,-1.0
1.0,-2.4467214938521415,0.8605979553249823,-1.0
1.0,-1.471705134337374,-0.8890596143623886,-1.0
1.0,0.4498459351594979,0.2486659284964457,-1.0
1.0,-1.208296552661053,0.2762477234794319,-1.0
1.0,-1.6023711482633982,1.0314404961901218,-1.0
1.0,0.6395820497054232,0.17758543428155313,-1.0
1.0,-0.5825685884081353,-0.7101232245583398,-1.0
1.0,0.2401136306147178,-1.671915854874509,-1.0
1.0,-3.0028523204199047,-2.1390083705321237,-1.0
1.0,-1.4035606327830723,1.7297601561365392,-1.0
1.0,0.6218108659578236,-1.0893401645965535,-1.0
1.0,-0.8452306080446219,-0.6800267658108627,-1.0
1.0,1.7345827924875006,-0.9800428667542013,-1.0
1.0,1.9548713170273877,1.0816683261836115,-1.0
1.0,-0.37669667889248826,-0.9324009206847205,-1.0
1.0,-1.980337344979245,0.6263024943506915,-1.0
1.0,-2.1634078188038304,-0.22466893017700762,-1.0
1.0,1.9648952196741791,1.3074686167174474,-1.0
1.0,-0.24358067241049308,1.4250502565306027,-1.0
1.0,-3.526508292823924,0.7513059886136767,-1.0
1.0,-2.19388523017433,-0.975625646596914,-1.0
1.0,-1.0732877047232765,0.7675255823733765,-1.0
1.0,-0.8811843293582552,-2.5451668248557837,-1.0
1.0,0.5177725159297639,1.3144307576442311,-1.0
1.0,-0.3483403727161628,0.10972696366350841,-1.0
1.0,-1.7325095605747234,-0.09248847293322009,-1.0
1.0,-0.2582209655063764,-0.9811663746553347,-1.0
1.0,0.907078214722902,-3.120371415415774,-1.0
1.0,0.2620569316156409,-0.36594296185040365,-1.0
1.0,-2.3392546047642595,-2.3630323525931862,-1.0
1.0,-1.29309080589654,1.2121373646640834,-1.0
1.0,-0.4944025704514199,0.20935337057559208,-1.0
1.0,-1.4367713752862046,0.8018902563208984,-1.0
1.0,-3.754497384467805,-1.668738944411267,-1.0
1.0,-2.1794718092793413,-0.021944470079343654,-1.0
1.0,-0.5010146435934277,0.031420209215127275,-1.0
1.0,-2.534519010794561,0.6682741765564306,-1.0
1.0,-1.2628788629792185,-2.92800307222445,-1.0
1.0,-2.02879915724285,-0.4829165953055602,-1.0
1.0,-1.5743211485346753,1.4463758731813472,-1.0
1.0,1.3153661186035177,-1.9686427585404633,-1.0
1.0,-0.03305016623520185,1.3585624380531793,-1.0
1.0,-1.583707105899841,0.6271986885181229,-1.0
1.0,-0.7112101896544767,0.13087252771624297,-1.0
1.0,-0.05823728114518545,1.7938793342920696,-1.0
1.0,-2.2322140759271836,-1.6537862717331406,-1.0
1.0,0.3391190488719533,-0.057773065356850686,-1.0
1.0,-0.8526811172131827,1.084348530803859,-1.0
1.0,-1.158648791896883,-1.4693550774110906,-1.0
1.0,0.6135602509109535,2.9584185478989466,-1.0
1.0,-0.10346040404910517,0.8254825795640487,-1.0
1.0,-0.10303532844395491,-3.3508613275057426,-1.0
1.0,-0.32232755338043717,0.12743217699564227,-1.0
1.0,-3.1630176665823644,-0.4926690202834469,-1.0
1.0,0.4147627418247224,2.2713107371357157,-1.0
1.0,1.7977079387375827,-1.129783701941187,-1.0
1.0,-3.459520817905067,1.076029209779511,-1.0
1.0,-1.924658448036407,3.505301431429206,-1.0
1.0,-1.7739279718636087,1.453868092293897,-1.0
1.0,-0.2517435704110942,-0.6513147756655542,-1.0
1.0,-0.6874849087220971,-0.7375052718726247,-1.0
1.0,0.2819814611353695,-1.0408835975261799,-1.0
1.0,-3.4028630603513474,-0.5891710889368773,-1.0
1.0,-1.412694363206056,-0.19070416984555708,-1.0
1.0,1.3868309571894564,-3.548116236256725,-1.0
1.0,-3.4376957765370464,-1.4861198323067544,-1.0
1.0,-1.7821917518954389,2.310941050467925,-1.0
1.0,-1.0301670449948432,-0.6168736450669974,-1.0
1.0,-2.0228210873059025,0.34422184270835193,-1.0
1.0,-0.53449836905279,-0.9494506992827582,-1.0
1.0,0.21352699381637952,0.7616784810677,-1.0
1.0,-3.4070024146251914,-1.324482675882192,-1.0
1.0,-0.024965494784629394,-0.38229970389761536,-1.0
1.0,-2.357167598001239,2.441007811775016,-1.0
1.0,-0.9418925932562398,1.285150568151722,-1.0
1.0,-0.013795845930943074,0.49716142853508183,-1.0
1.0,1.4308898940244834,1.542761381184575,-1.0
1.0,-0.16443011150830766,0.690109340470729,-1.0
1.0,-1.2557500598503515,-2.1211357951450855,-1.0
1.0,0.66502169310706,-0.07483826319780965,-1.0
1.0,-2.444369813936806,0.651067891444747,-1.0
1.0,-2.0072310610166104,1.0592320184641177,-1.0
1.0,-0.5462065591762165,0.6805260969999248,-1.0
1.0,-0.1973987019277027,-0.8468974827083345,-1.0
1.0,-0.915881630977939,-0.6216667378375319,-1.0
1.0,-0.3055004368267942,2.154381956121516,-1.0
1.0,-2.524419598025481,-1.587949762090121,-1.0
1.0,0.2784432996552084,0.32844270077097965,-1.0
1.0,-0.01741344467161432,-1.8606905754399554,-1.0
1.0,0.3510866164327806,-1.3809753221293368,-1.0
1.0,-0.1968648419075425,0.9997436536873552,-1.0
1.0,-2.6008922421154685,3.0319606812512334,-1.0
1.0,-0.10920812214845765,2.841091861634372,-1.0
1.0,-0.6674368966034885,0.619698648289631,-1.0
1.0,-0.5243393985210423,-0.5173222802774088,-1.0
1.0,-0.9743815236991524,0.9139068764780416,-1.0
1.0,0.10274543077548337,1.782068121888841,-1.0
1.0,-0.009934511190308304,0.13718887407811067,-1.0
1.0,-2.23722685126661,0.2827822057050969,-1.0
1.0,-1.8341518848311626,1.5714729295757426,-1.0
1.0,-1.7452360123691122,1.8438267341780417,-1.0
1.0,0.5292132905945135,0.3462848868621255,-1.0
1.0,-1.6275426060742029,0.8542642089558056,-1.0
1.0,-0.9580055655546982,1.1866527828945255,-1.0
1.0,2.3164359270682366,1.7032956744654815,-1.0
1.0,-1.2776095939882532,-1.1965971225722682,-1.0
1.0,-2.2638416105124666,2.207269053456734,-1.0
1.0,-3.5381726095610975,1.0744771071589831,-1.0
1.0,0.5823849533312515,0.7553466917339997,-1.0
1.0,-1.9821026486483615,-0.45174973795198275,-1.0
1.0,-3.0350373469833825,2.1425873199664953,-1.0
1.0,-2.121284304941277,0.6265421286572532,-1.0
1.0,-0.8703765761703116,-0.47186051191218636,-1.0
1.0,-1.5496426425835015,-2.824877513567036,-1.0
1.0,-0.23654384060359335,1.5983487438643793,-1.0
1.0,0.025331172988065198,-1.1115898260106452,-1.0
1.0,-2.218036545233482,1.6434832763190688,-1.0
1.0,-0.3543044806649557,-0.871804882228558,-1.0
1.0,-3.1554233358670185,-0.5051865483025999,-1.0
1.0,0.5893179655032588,-1.4344161005896836,-1.0
1.0,-0.8975183375970333,1.5048912513529913,-1.0
1.0,-1.240400113691984,1.1424077227529286,-1.0
1.0,-3.9841272498026328,0.062413689096870256,-1.0
1.0,0.5872286075670854,-0.34608336738059053,-1.0
1.0,-0.5998874586887659,0.16811604123788518,-1.0
1.0,-2.7708242109500034,0.3063813956806752,-1.0
1.0,-0.9211285694911943,0.05541777595081333,-1.0
1.0,0.24469036327206783,1.3905514579289113,-1.0
1.0,-1.292837328670144,-1.950953506992722,-1.0
1.0,-2.964304435065606,-1.0311012285143375,-1.0
1.0,0.8384512186141599,0.5863823105175526,-1.0
1.0,-1.3717680294861758,0.7225789681462208,-1.0
1.0,-0.8704021029618941,0.9549716204953917,-1.0
1.0,-1.339755404315022,1.9262897877057268,-1.0
1.0,-2.366406446785221,0.6804731898921115,-1.0
1.0,-0.36858510784441245,0.5882159178710721,-1.0
1.0,-2.1987066376570397,-0.5971099338422377,-1.0
1.0,0.4228194872460356,0.44556875999240436,-1.0
1.0,-0.19081562312790934,-0.8963597107168372,-1.0
1.0,0.6572872740003888,0.22789298317167406,-1.0
1.0,-2.1824445745087067,-0.3834716337993984,-1.0
1.0,-1.649440617339057,-0.6323814043072511,-1.0
1.0,-0.8515168791017615,0.9990410837359828,-1.0
1.0,-0.308191638057816,-0.7313164436443701,-1.0
1.0,-0.20371996372074053,0.7571356161379021,-1.0
1.0,-0.15786100866151054,-0.1965580838742356,-1.0
1.0,-1.82713964587177,0.27541048981547256,-1.0
1.0,-0.6369199295529641,1.5827429724259439,-1.0
1.0,-0.6909927950805647,-1.2424520926852116,-1.0
1.0,-2.592359606020655,1.9827650307264342,-1.0
1.0,-3.037960822323814,-0.26978236806838773,-1.0
1.0,0.7829300629960216,-0.4057675851706204,-1.0
1.0,-0.36796391844645615,0.4417140549258718,-1.0
1.0,0.3292927638392902,1.3962942911472787,-1.0
1.0,-3.561259813677757,0.1504814521895538,-1.0
1.0,-2.176035127604857,-1.9293996272459937,-1.0
1.0,0.30487490281503105,-1.4771469407342703,-1.0
1.0,-1.7850233132337832,-0.6029816912000446,-1.0
1.0,-0.9390056626177062,0.16884815751762905,-1.0
1.0,-1.9471408462483644,-1.0902798968735903,-1.0
1.0,-1.987470228099771,-1.059699942792629,-1.0
1.0,-0.7200390640556866,1.1631374426561962,-1.0
1.0,-4.450159299215928,-0.010171643820749313,-1.0
1.0,0.25634866513665355,-0.19918342562215297,-1.0
1.0,-0.2347444366313557,1.692395972350504,-1.0
1.0,-0.8192139335215428,-1.9912632263558863,-1.0
1.0,-0.33880266490826116,-0.9263390298770948,-1.0
1.0,-0.8195497707159662,-0.005601783776701265,-1.0
1.0,-2.3996174715896292,0.7428977056087004,-1.0
1.0,-2.908617145261741,-1.591644452888909,-1.0
1.0,1.264952937675881,-1.5997541870963752,-1.0
1.0,-3.5967020021214506,-2.581540255561331,-1.0
1.0,-1.339476471625268,-0.002984274365717806,-1.0
1.0,-0.3863862388303406,-0.005097438064798162,-1.0
1.0,-0.3712077711224647,0.9220757643358669,-1.0
1.0,0.6509407403530356,2.2602241647137684,-1.0
1.0,0.9068411918505317,-0.9135865476562525,-1.0
1.0,0.9223940355109372,-2.7172936836177906,-1.0
1.0,-0.8375482959859809,-0.40825605956332195,-1.0
1.0,0.6599909141730027,1.4492565623373186,-1.0
1.0,-0.06584897837743053,2.0891555296177313,-1.0
1.0,-0.8214465661882049,1.4049651073282057,-1.0
1.0,-1.1318287963863722,0.5254659821686297,-1.0
1.0,-3.589159137762895,2.0936154518351664,-1.0
1.0,-0.9826491865941771,-2.675558235008534,-1.0
1.0,-1.876935979713937,1.0117472671254664,-1.0
1.0,-0.7492243660953375,-0.8934530177669515,-1.0
1.0,-0.4496886000506496,1.7794191137644801,-1.0
1.0,0.8490702269252444,-0.6974045942354782,-1.0
1.0,0.0327107563565312,3.132683058675812,-1.0
1.0,0.26229887786469086,-2.7518389318097793,-1.0
1.0,-1.8919759066199924,1.7320271324600691,-1.0
1.0,-2.1223886841651627,1.2978172184450667,-1.0
1.0,1.9222314499307767,1.4708233675859488,-1.0
1.0,1.0113772777393315,-2.145784056666418,-1.0
1.0,-1.7848796616854812,2.5536766450748964,-1.0
1.0,0.7679082388824059,-2.8824358779003436,-1.0
1.0,0.9396836853819908,-1.2705846978581825,-1.0
1.0,-2.233504745985809,1.0925369882954348,-1.0
1.0,-2.9153514523218185,-0.5453707074668855,-1.0
1.0,-1.2751781736519885,0.8991637965837395,-1.0
1.0,-1.920594550696198,0.751751620724573,-1.0
1.0,-1.9123162786297176,2.0049642900056934,-1.0
1.0,0.17119140925356247,-0.16188718948669373,-1.0
1.0,-1.7233274514463277,2.192887728049237,-1.0
1.0,-3.2103896014451094,-1.0819618204433175,-1.0
1.0,-0.9447076769405425,1.0870970940884543,-1.0
1.0,-0.19864769433391927,2.2131625893941393,-1.0
1.0,-3.7555685137556774,-0.16055555905148744,-1.0
1.0,1.6532242498161365,-0.874424111254494,-1.0
1.0,-1.8034299088802728,-1.6489651221236143,-1.0
1.0,-0.9456076703143913,0.29577419172632297,-1.0
1.0,-1.8831780054311995,-1.613429963648114,-1.0
1.0,1.4999393053188554,2.4353058970735324,-1.0
1.0,2.1293208560175536,1.3885946812777012,-1.0
1.0,-1.3602746593652404,-1.1427548865264405,-1.0
1.0,-0.9450481213077699,-1.56940646056038,-1.0
1.0,-0.44357053910405453,-0.6330892329804542,-1.0
1.0,-1.7679968477528987,-3.8786506728715544,-1.0
1.0,-2.303700917124994,-2.677570211485926,-1.0
1.0,-2.959027283634385,1.8582021230668233,-1.0
1.0,-1.535571784722181,-2.808337397599848,-1.0
1.0,-0.48402908948454904,-2.6664316058133117,-1.0
1.0,-2.117051717521604,-0.043519610626645694,-1.0
1.0,-1.414313066421717,-0.8722406914812492,-1.0
1.0,-2.296082137275012,-0.8865966593240634,-1.0
1.0,-2.5276399965326037,-0.4833362688453858,-1.0
1.0,0.706127262035968,-0.5759432319869365,-1.0
1.0,-1.7024290098980575,0.8130643854598378,-1.0
1.0,0.032565044270740806,-2.352237163619774,-1.0
1.0,-0.18780069226014273,-2.0769573854277104,-1.0
1.0,-2.0560097962552,1.0785620511908456,-1.0
1.0,-0.8942916330826793,-0.8671362715011522,-1.0
1.0,-2.8837655193574263,-0.6562717576110427,-1.0
1.0,0.612616078207604,-1.0242594188112961,-1.0
1.0,-2.4651404357845634,1.875307763927274,-1.0
1.0,-1.684804437845124,2.1250632004610517,-1.0
1.0,-0.7845799631917124,0.39670631030329895,-1.0
1.0,0.567257722145055,2.517690776389064,-1.0
1.0,0.4433895346681307,-0.21927601624087453,-1.0
1.0,-1.9886764823623586,-0.6729003215107106,-1.0
1.0,-0.18121379444935992,0.0815704445173376,-1.0
1.0,-0.7918863772419626,2.4744823201251336,-1.0
1.0,-0.4967223809422403,-3.159378779404892,-1.0
1.0,0.5229528511517694,0.864004935219654,-1.0
1.0,-1.6752858364401284,-2.1303016220353195,-1.0
1.0,-1.4927711915434512,1.9580262923333196,-1.0
1.0,-1.7491568699305895,-0.0703384356551997,-1.0
1.0,-0.06757588181272,-1.9429542674847589,-1.0
1.0,-1.941157956407264,-0.44220923924859284,-1.0
1.0,-0.2712809910727413,-0.3962396689663245,-1.0
1.0,-2.9165042459859687,2.776902948794864,-1.0
1.0,-1.0469006508779912,3.973545798775458,-1.0
1.0,-0.7542918678450998,0.9964753137089847,-1.0
1.0,-1.5933481846694093,0.9414972664520884,-1.0
1.0,-0.4683121400578476,-0.16629295278220513,-1.0
1.0,-3.623314309307713,-1.3291616863417652,-1.0
1.0,0.1612778485663977,-0.2185658356643283,-1.0
1.0,-2.52871491666715,-0.7671726362092082,-1.0
1.0,-1.2763548996470349,0.40748935357429944,-1.0
1.0,0.026479664992675067,0.9554064650978099,-1.0
1.0,-0.6572291959454503,-0.6319334568761068,-1.0
1.0,-3.6249395458321354,0.009200492417030904,-1.0
1.0,-1.6151483537160156,0.7621526777474346,-1.0
1.0,-0.3057161620670271,0.20480617009439692,-1.0
1.0,-0.8601461691658664,-2.6588150892971445,-1.0
1.0,-3.4450387657219372,0.9133463413006678,-1.0
1.0,-1.8347402624534381,-0.5883900356256258,-1.0
1.0,-4.876848433047836,-0.12748644043776775,-1.0
1.0,-0.6262091491890565,1.7118720049809688,-1.0
1.0,-3.1449276968793,-0.12310740125459861,-1.0
1.0,-5.642897149026581,-0.2130397801756159,-1.0
1.0,-0.1578422932222856,-0.26640776336496863,-1.0
1.0,-1.6691385829942984,-0.3071019330341319,-1.0
1.0,0.5178090499713504,2.4778282555044147,-1.0
1.0,-0.1423430302126426,-1.1010901915897164,-1.0
1.0,-1.1472406627995722,-1.3254607372173817,-1.0
1.0,0.6872619734990035,0.15029928447518143,-1.0
1.0,-1.9720411093333392,-0.7027096600449926,-1.0
1.0,-0.2950396614053791,0.8688366093255446,-1.0
1.0,-3.3309365877481083,1.9326797459717897,-1.0
1.0,-0.3856968115529147,0.04963923214334976,-1.0
1.0,-2.2253116186808652,-2.186270480525209,-1.0
1.0,-2.7533252183908594,-1.4168262417617572,-1.0
1.0,1.0050369801676764,2.5672043346140603,-1.0
1.0,-0.5964676460718714,-1.4229186723799283,-1.0
1.0,-1.5674072985094463,0.7863287746027651,-1.0
1.0,1.3259649532541045,2.205410759812757,-1.0
1.0,-1.7973517273760404,0.6466591105133205,-1.0
1.0,-0.21298021404510536,0.27036327538848476,-1.0
1.0,-1.0247001544909653,-0.6158795974496541,-1.0
1.0,-0.9133013798556555,-1.0439457484191417,-1.0
1.0,-5.073682407236687,-2.9324947616366415,-1.0
1.0,-1.4007668505287798,-2.395549571523212,-1.0
1.0,-3.0219659256425215,-0.16231724335932218,-1.0
1.0,1.1367018060746306,1.57724585779201,-1.0
1.0,-2.191234771189318,-0.7158047593016688,-1.0
1.0,0.039690378587043496,-0.757225979716046,-1.0
1.0,-1.0175068464452888,-0.9724842717746983,-1.0
1.0,0.3730703816242402,-0.14658393180201726,-1.0
1.0,-1.7512754371935872,-2.51417403865411,-1.0
1.0,0.4073607305878173,0.4936626181023451,-1.0
1.0,-2.5256851908913003,2.2902197548141703,-1.0
1.0,0.9697499046544273,0.42743504793864046,-1.0
1.0,-0.9873523712058223,-0.5073725418087295,-1.0
1.0,-0.2585779647638251,0.7890979018987647,-1.0
1.0,-0.7002326645158969,-0.7362846941624799,-1.0
1.0,-0.9513163458000341,0.644326010099382,-1.0
1.0,1.2859436501290729,0.9739845822418374,-1.0
1.0,-0.7003528413941469,-3.02301089659912,-1.0
1.0,-0.3233473650592008,0.9241072154184963,-1.0
1.0,0.472772569703549,0.34115889995971915,-1.0
1.0,0.040133099051712806,-2.5971620808839284,-1.0
1.0,-1.582487898557059,-0.22657315212811838,-1.0
1.0,-1.2225641346565044,-2.0851070036760335,-1.0
1.0,-0.17057317408002248,-1.8040549928428136,-1.0
1.0,-0.9641970660281505,1.8327152410533034,-1.0
1.0,-2.1528217835664183,0.08292331279963128,-1.0
1.0,-0.5833244864398598,-1.0588689073523905,-1.0
1.0,-3.4640333092688045,0.8049337076586243,-1.0
1.0,-0.3245657750408727,0.6061949978227262,-1.0
1.0,-1.9889757443834515,3.088090330111803,-1.0
1.0,-1.7715715643703251,-2.110337537038344,-1.0
1.0,-2.506584985201049,1.42916486686274,-1.0
1.0,-0.13473056165538555,-0.4294329175658186,-1.0
1.0,-2.0371609604889533,0.9874109103805656,-1.0
1.0,0.26897847692017063,-1.9836228116672086,-1.0
1.0,-0.9759177780839661,-1.0020586149191435,-1.0
1.0,-1.0783521093278774,1.1281707586211047,-1.0
1.0,1.0906199390355615,0.015897267943081227,-1.0
1.0,-1.6576769819714934,-1.068808583591235,-1.0
1.0,-0.7080874708857761,-0.5753202038031957,-1.0
1.0,-1.245602866422127,0.7855958591593544,-1.0
1.0,-4.822738404152323,-0.0008151140916141399,-1.0
1.0,-0.9066328667308793,1.4010224092416714,-1.0
1.0,-0.5612319123576699,1.8899025849922635,-1.0
1.0,1.0534041991486394,0.8420961163380655,-1.0
1.0,-0.6406367067787624,1.8033622817109451,-1.0
1.0,-1.7374262622724925,-3.5197286432688184,-1.0
1.0,-0.8392264024550811,0.23422166381190204,-1.0
1.0,-0.17559048172458747,-2.0183467555891865,-1.0
1.0,-2.027536056922801,0.38501826785422666,-1.0
1.0,-2.9587339205858303,1.0612305566457625,-1.0
1.0,-1.834157445520822,0.9510766623339553,-1.0
1.0,0.01667002190817435,-0.7635539030478781,-1.0
1.0,-2.0573927392287734,-0.5947604386436445,-1.0
1.0,-1.0609747375558147,0.6865094152794304,-1.0
1.0,-3.907536326128938,2.074284806437555,-1.0
1.0,-0.6704325616640125,0.2515046601902271,-1.0
1.0,-2.824103859470843,-0.00317178276810859,-1.0
1.0,1.4925192828879599,1.7003454136763454,-1.0
1.0,-1.9103064102830465,-1.8205846142130466,-1.0
1.0,1.4831708552548268,2.566743068140174,-1.0
1.0,-0.34081519402960014,-0.9679086139411172,-1.0
1.0,-1.8326073541623753,-0.2474291334155336,-1.0
1.0,-4.3372426297735425,0.7649304158769988,-1.0
1.0,-1.213305371624191,-1.5980796798025252,-1.0
1.0,-0.6273364382503368,0.7650665224221018,-1.0
1.0,-3.72521105808127,0.8463446183195428,-1.0
1.0,0.8087320042495103,-0.5202859661456609,-1.0
1.0,-3.7832003203614173,-0.8372378387500065,-1.0
1.0,-1.9012628848978474,1.3229217123424217,-1.0
1.0,0.44979829823197814,1.8928481247164706,-1.0
1.0,-0.9697483983973445,-1.594519047219033,-1.0
1.0,0.5767208703829156,-0.44885223216319386,-1.0
1.0,-2.057350974993102,-0.24827427994111417,-1.0
1.0,0.1934643860770786,-0.6505133227066293,-1.0
1.0,-0.4765814736521602,1.2614994192871587,-1.0
1.0,0.4686433727381809,0.21739944165976213,-1.0
1.0,-1.6872855041372867,-0.3616760207220117,-1.0
1.0,-0.09141917595155014,-1.2325250077800667,-1.0
1.0,-1.5662779952941879,2.619356543103881,-1.0
1.0,-0.729191911043056,-0.7118669445523101,-1.0
1.0,-0.1402141782472911,-2.487535240608718,-1.0
1.0,1.0773001235419493,-0.14703740771811788,-1.0
1.0,-2.3446366380824353,1.6082273712758013,-1.0
1.0,-2.397240012323924,-1.9734073923739515,-1.0
1.0,0.3874300502596415,1.0342568067737683,-1.0
1.0,0.3584045212810669,-0.5042961179423457,-1.0
1.0,1.6153600658148544,0.8306411524179653,-1.0
1.0,-1.6587318138213645,-0.8980741232145422,-1.0
1.0,-3.089457508047085,2.2185034998707227,-1.0
1.0,-2.6541996120817677,-0.272271775758352,-1.0
1.0,-1.6877208508863477,-2.7471255929078655,-1.0
1.0,-0.5267962421587623,-1.3981329845929564,-1.0
1.0,-0.4948077381134647,0.370471961465253,-1.0
1.0,-3.503585452529158,2.160983459656032,-1.0
1.0,-1.3536643203095124,-1.4415087031905847,-1.0
1.0,1.389951932995706,-0.16173233040887686,-1.0
1.0,-1.9298349101760213,0.9227370439069973,-1.0
1.0,-1.7117550133272643,-2.043994880095917,-1.0
1.0,-4.064899463464053,1.8698267017399341,-1.0
1.0,0.1011140024200552,-0.1997338105535215,-1.0
1.0,1.3601485420018204,0.1793000369799724,-1.0
1.0,-2.70652758497151,1.1804688507577639,-1.0
1.0,1.6155012201945689,-0.6668629766692804,-1.0
1.0,-0.5298074416917887,0.24223009190761915,-1.0
1.0,0.5179561669044788,-0.8674222737113494,-1.0
1.0,-0.9651087807085142,0.33792537875324163,-1.0
1.0,1.3604768776972054,-0.7867327747331202,-1.0
1.0,-1.688572856834221,-0.21471828928650352,-1.0
1.0,-2.3264591122256952,-1.1887605906381145,-1.0
1.0,1.8102691393127062,-1.746915832325609,-1.0
1.0,-2.3689127342649794,3.214845576370383,-1.0
1.0,-0.7715066413949541,1.1215614548325081,-1.0
1.0,-2.3834092805844334,-0.500631939149427,-1.0
1.0,2.100599435102177,-0.5388706633234864,-1.0
1.0,1.0830654954282037,0.16232917629396917,-1.0
1.0,0.2005383027288894,2.511385593507395,-1.0
1.0,-0.9399374024722883,2.6734750589966207,-1.0
1.0,-0.9448528553228531,2.1250982686034936,-1.0
1.0,-1.5750286619638871,-2.336429573803039,-1.0
1.0,-0.1367647834389275,1.5158521164345695,-1.0
1.0,-2.5553518858540896,-3.12341562184285,-1.0
1.0,-1.6748904355410519,0.8441720815219511,-1.0
1.0,-0.2935544513677727,-1.9272331989354334,-1.0
1.0,-0.3363930720196808,0.37046222831350023,-1.0
1.0,-1.3947745869621466,-2.3696636674692275,-1.0
1.0,-1.0937787330377617,0.9181374459909898,-1.0
1.0,-1.7549100536712448,3.203308133451055,-1.0
1.0,-2.3809225897205772,-0.1452095675361188,-1.0
1.0,-1.8702292792142723,0.5361243730999934,-1.0
1.0,-1.5280975193684228,1.2572856072545466,-1.0
1.0,-0.9740980530390487,0.5915803960783881,-1.0
1.0,-2.3842454038597376,0.14641945479507534,-1.0
1.0,-0.0011342347912569606,-1.1807993300308042,-1.0
1.0,-1.7079109181467338,-1.5168159602538247,-1.0
1.0,-1.8751636335378452,-1.1656461542220047,-1.0
1.0,-0.2736333018494207,-1.4019222007689995,-1.0
1.0,-2.202966775202314,1.411850385335051,-1.0
1.0,-1.621600980829587,-2.091328862799965,-1.0
1.0,1.1052381482689015,0.4718411160564622,-1.0
1.0,-0.1508068096324079,-1.1784594027487827,-1.0
1.0,-1.8080185275142524,-3.366893171386748,-1.0
1.0,-0.9905469709127517,0.6928817255467267,-1.0
1.0,-0.6689879359439815,1.6462551041733064,-1.0
1.0,0.05364550122367984,-1.515267600965064,-1.0
1.0,-0.17915854674664977,1.0780312261196485,-1.0
1.0,-0.244714688535128,0.9366271467798417,-1.0
1.0,-0.13652835948746112,0.9226584441355341,-1.0
1.0,1.0501936585264025,0.01277762386119491,-1.0
1.0,-0.9273734958098608,-0.3853604026981749,-1.0
1.0,-0.8832083412628766,-3.666562163396031,-1.0
1.0,-2.9806631136942237,0.1211189764927835,-1.0
1.0,-2.5222057173461683,-1.0781008530380989,-1.0
1.0,-1.682957713402307,-1.1569335796153346,-1.0
1.0,3.014363734633574,-2.9418290097471704,-1.0
1.0,-0.8650375467571056,1.7997058178085061,-1.0
1.0,0.6964923092038742,-1.4177168177911466,-1.0
1.0,1.256475203831604,-0.5328844913350332,-1.0
1.0,-0.9499569287818376,3.222510611486056,-1.0
1.0,-0.9244172643277261,1.4173634395525578,-1.0
1.0,1.6679148699387092,2.3692939652214475,-1.0
1.0,-4.001268438104496,1.581284916377008,-1.0
1.0,-0.5186701277589862,-1.0468982207083122,-1.0
1.0,-0.9383424177045044,-0.5847025238257212,-1.0
1.0,0.412694515187372,-1.1924474500631637,-1.0
1.0,-1.9131433582091026,0.8582490241423529,-1.0
1.0,-1.9552534441744447,-0.4653806867794048,-1.0
1.0,-1.4037576512289953,-3.0896117070390754,-1.0
1.0,0.5823686813731217,-0.2209201196334821,-1.0
1.0,-0.4259141067214893,1.9069931931371287,-1.0
1.0,-1.0861615341947004,-2.042294534569235,-1.0
1.0,-4.116138771079767,-0.5996400999643997,-1.0
1.0,1.1988623982545668,0.8542442411527834,-1.0
1.0,0.7723523636045524,-0.5863771535914704,-1.0
1.0,-1.8268096828167824,1.761367817890452,-1.0
1.0,0.9875416854793657,0.13737759365345345,-1.0
1.0,-0.2718430683646397,0.9292059424740523,-1.0
1.0,-2.2957257793045693,-0.9754738177756764,-1.0
1.0,0.2237470629662992,1.87618254476218,-1.0
1.0,0.14414596028749105,-0.8072725276232063,-1.0
1.0,-2.1595496676111594,0.9416827400803023,-1.0
1.0,-1.6765403924017845,-2.5107693534381963,-1.0
1.0,0.885521138949305,-1.826981223857107,-1.0
1.0,0.007921776337025177,1.4691911840885725,-1.0
1.0,-0.22195188885805572,0.6372026086774782,-1.0
1.0,-2.198770449688481,1.8396372021292544,-1.0
1.0,-1.529979357392806,-1.8108968476474592,-1.0
1.0,-0.6946326166130579,-2.4051365638219147,-1.0
1.0,-1.881882118458409,2.378725355932449,-1.0
1.0,-2.285626181680913,-2.511859876314599,-1.0
1.0,-0.5547583287851874,-0.7195456048492611,-1.0
1.0,-0.2622882924069899,0.31241119982131715,-1.0
1.0,-4.143086832933513,-1.5130170415519653,-1.0
1.0,-4.118445312713632,-0.5781967708528866,-1.0
1.0,-3.8423063961588584,-1.6141076742466327,-1.0
1.0,1.1108952964889154,-0.47622193620297365,-1.0
1.0,-1.090940293606575,0.780445395966797,-1.0
1.0,-2.35908352372865,-0.26707886921391616,-1.0
1.0,-2.9363003542822548,-0.6512917291119376,-1.0
1.0,-1.575513867027213,-0.3917695266450816,-1.0
1.0,-0.9013134675051779,-0.7358463429714943,-1.0
1.0,-0.5547843411524793,0.6948389854751418,-1.0
1.0,0.15080656225387168,2.665863560015391,-1.0
1.0,-1.7114169553514964,-1.734229518396547,-1.0
